time	tictoc	state	task counter	tube width	phi des	v ropod	x ropod	y ropod	theta ropod	x obs	y obs	theta obs	obs width	obs depth	obs vx	obs vy	des accel
0.1	0.000939	1	0	1.5	0	5.12762e-05	3.8641	5.98371	-1.97856	4.36472	3.73181	1.33704	0.894212	0.639358	-0.000227082	-0.000802041	0.5	
0.2	0.000864	1	0	1.38185	0.0132974	5.87812e-05	3.8641	5.98371	-1.97856	4.36389	3.7332	1.33661	0.894168	0.636622	0.000329379	0.000407773	0.5	
0.3	0.000853	1	0	1.38074	0.0132426	7.70686e-05	3.8641	5.98371	-1.97856	4.36472	3.72906	1.33573	0.894064	0.641192	-0.000729083	-0.00231814	0.5	
0.4	0.000766	1	0	1.38257	0.013333	0.00769057	3.8641	5.98371	-1.97856	4.36365	3.73402	1.33642	0.894037	0.635428	0.00118995	0.00249675	0.5	
0.5	0.000827	1	0	1.38038	0.0132246	0.015045	3.8641	5.98371	-1.97856	4.36175	3.73577	1.33517	0.893962	0.634288	0.000122318	0.00355101	0.5	
0.6	0.000789	1	0	1.37815	0.0875422	0.0149157	3.8641	5.98371	-1.97856	4.36285	3.73547	1.33707	0.893885	0.634844	0.000968482	0.00276524	0.5	
0.7	0.000786	1	0	1.37933	0.0879321	0.020556	3.8641	5.98371	-1.97856	4.3622	3.7354	1.33698	0.893832	0.633131	0.00105564	0.00241198	0.5	
0.8	0.00083	1	0	1.37875	0.0877387	0.0291336	3.8641	5.98371	-1.97856	4.36408	3.73628	1.33566	0.893685	0.636944	0.00091316	0.00338726	0.5	
0.9	0.000829	1	0	1.38044	0.0132276	0.0397712	3.8641	5.98371	-1.97856	4.36152	3.73622	1.33751	0.893663	0.630676	0.0012306	0.00261842	0.5	
1	0.000755	1	0	1.37798	0.0874853	0.0470282	3.8641	5.98371	-1.97856	4.35704	3.73661	1.33678	0.895711	0.622394	0.000835913	0.00271248	0.5	
1.1	0.000783	1	0	1.37251	0.0856751	0.0615172	3.8641	5.98371	-1.97856	4.35531	3.73368	1.3372	0.899421	0.620045	0.000676326	0.00153927	0.5	
1.2	0.000784	1	0	1.36966	0.0847309	0.0704201	3.8641	5.98371	-1.97856	4.36045	3.73654	1.33456	0.899414	0.626821	0.00251412	0.00515451	0.5	
1.3	0.000821	1	0	1.37399	0.0861623	0.0742412	3.8641	5.98371	-1.97856	4.35783	3.735	1.33622	0.902667	0.623001	0.00211007	0.00459092	0.5	
1.4	0.000802	1	0	1.37018	0.0849029	0.0777575	3.8641	5.98371	-1.97856	4.36116	3.73048	1.33805	0.908207	0.628021	0.00342507	0.00263652	0.5	
1.5	0.00071	1	0	1.3717	0.0854063	0.0986659	3.8641	5.98371	-1.97856	4.37026	3.73245	1.33734	0.908198	0.641892	0.00499986	0.0051528	0.5	
1.6	0.000633	1	0	1.38009	0.0132103	0.111172	3.84204	5.96976	-1.95285	4.36599	3.7231	1.33784	0.937438	0.642526	0.00369736	0.00947466	0.5	
1.7	0.000815	1	0	1.36351	0.0690274	0.121979	3.84204	5.96976	-1.95285	4.36097	3.71768	1.33897	0.941574	0.635191	0.00279104	0.00586006	0.5	
1.8	0.000824	1	0	1.35782	0.0671433	0.128531	3.84204	5.96976	-1.95285	4.34369	3.73394	1.33807	0.951809	0.606898	-0.00252125	0.0134766	0.5	
1.9	0.000847	1	0	1.33211	0.058631	0.154332	3.84204	5.96976	-1.95285	4.34381	3.743	1.33836	0.958063	0.60681	-0.00281284	0.0172641	0.5	
2	0.000845	1	0	1.32697	0.0569341	0.15849	3.84204	5.96976	-1.95285	4.33829	3.73263	1.3377	0.969649	0.600406	-0.00354111	0.00909453	0.5	
2.1	0.000784	1	0	1.31824	0.0540465	0.187795	3.84204	5.96976	-1.95285	4.33554	3.73873	1.33832	0.977259	0.593728	-0.00364654	0.00985038	0.5	
2.2	0.00083	1	0	1.31034	0.0514352	0.201179	3.84204	5.96976	-1.95285	4.32797	3.72055	1.33855	1.02538	0.587433	-0.00205505	0.0132076	0.5	
2.3	0.000791	1	0	1.28316	0.0424652	0.218402	3.84204	5.96976	-1.95285	4.32955	3.69582	1.33883	1.071	0.598359	-0.000827344	0.0116131	0.5	
2.4	0.000767	1	0	1.26767	0.0373601	0.228454	3.79036	5.92349	-1.94703	4.33252	3.67444	1.34295	1.10761	0.605783	0.00303623	0.00713743	0.5	
2.5	0.000754	1	0	1.25725	0.0541355	0.261155	3.79036	5.92349	-1.94703	4.32914	3.69762	1.344	1.13448	0.609638	-0.000479071	0.0139541	0.5	
2.6	0.000775	1	0	1.23511	0.0468147	0.28246	3.79036	5.92349	-1.94703	4.31753	3.71914	1.34159	1.16532	0.613993	-0.0140317	0.0183099	0.5	
2.7	0.00075	1	0	1.23511	0.0468147	0.287263	3.79036	5.92349	-1.94703	4.32574	3.72551	1.34144	1.16969	0.6326	-0.0143432	0.0221199	0.5	
2.8	0.000785	1	0	1.23511	0.0468147	0.305077	3.76252	5.86923	-1.94603	4.31372	3.72049	1.34147	1.18325	0.617923	-0.0158262	0.0189028	0.5	
2.9	0.000691	1	0	1.23511	0.0553279	0.332268	3.76252	5.86923	-1.94603	4.32203	3.72499	1.3429	1.18788	0.622736	-0.0110165	0.0200355	0.5	
3	0.000769	1	0	1.23511	0.0553279	0.355559	3.76252	5.86923	-1.94603	4.32924	3.7746	1.34316	1.18094	0.621181	-0.00195509	0.0655152	0.5	
3.1	0.000703	1	0	1.23511	0.0553279	0.370172	3.76252	5.86923	-1.94603	4.32871	3.78183	1.34551	1.19029	0.623182	-0.00230849	0.0640796	0.5	
3.2	0.000743	1	0	1.23511	0.0553279	0.395911	3.72543	5.76535	-1.94324	4.33228	3.78624	1.34454	1.20169	0.615904	-0.00329513	0.0547646	0.5	
3.3	0.000718	1	0	1.23511	0.0603421	0.405239	3.72543	5.76535	-1.94324	4.3233	3.7847	1.34435	1.21612	0.609081	-0.00612465	0.055563	0.5	
3.4	0.000886	1	0	1.23511	0.0603421	0.433527	3.72543	5.76535	-1.94324	4.32506	3.79141	1.34679	1.20891	0.609978	-0.00472843	0.0512452	0.5	
3.5	0.000836	1	0	1.23511	0.0603421	0.479879	3.6956	5.68788	-1.94079	4.32736	3.79699	1.34685	1.20985	0.608817	-0.0032872	0.0526059	0.5	
3.6	0.000754	1	0	1.23511	0.0651111	0.493567	3.6956	5.68788	-1.94079	4.32781	3.82064	1.34712	1.21205	0.603382	0.000176117	0.0683301	0.5	
3.7	0.000764	1	0	1.23511	0.0651111	0.509739	3.6956	5.68788	-1.94079	4.33755	3.85537	1.34571	1.20718	0.604547	0.00657597	0.0890556	0.5	
3.8	0.000822	1	0	1.23511	0.0651111	0.550371	3.66303	5.60327	-1.93558	4.3401	3.86157	1.34554	1.20919	0.602157	0.00687704	0.0823179	0.5	
3.9	0.000721	1	0	1.23511	0.0678036	0.546194	3.66303	5.60327	-1.93558	4.33195	3.87683	1.34353	1.22853	0.58376	0.00554599	0.0810724	0.5	
4	0.000739	1	0	1.23511	0.0678036	0.583609	3.62729	5.49155	-1.9363	4.33492	3.91069	1.34381	1.20566	0.587508	0.00709603	0.0931446	0.5	
4.1	0.000709	1	0	1.23511	0.0742605	0.599564	3.62729	5.49155	-1.9363	4.31998	3.91944	1.34542	1.21759	0.556976	0.00570198	0.0881526	0.5	
4.2	0.000819	1	0	1.23511	0.0742605	0.634903	3.62729	5.49155	-1.9363	4.32256	3.93249	1.34394	1.22335	0.556974	0.00693648	0.0865275	0.5	
4.3	0.000681	1	0	1.23511	0.0742605	0.660308	3.57577	5.30176	-1.92324	4.32322	3.94379	1.34188	1.23747	0.556961	0.0059015	0.0855272	0.5	
4.4	0.000778	1	0	1.23511	0.0649976	0.679568	3.57577	5.30176	-1.92324	4.33169	3.9349	1.3417	1.2388	0.556881	0.0141612	0.0649243	0.5	
4.5	0.000619	1	0	1.23511	0.0649976	0.700589	3.52673	5.12936	-1.91199	4.3396	3.93254	1.3421	1.23497	0.556803	0.0196645	0.0613606	0.5	
4.6	0.000688	1	0	1.23511	0.0586587	0.752169	3.52673	5.12936	-1.91199	4.33391	3.9115	1.34099	1.23958	0.556326	0.0117253	0.0329385	0.5	
4.7	0.000754	1	0	1.23511	0.0586587	0.752789	3.46533	4.91859	-1.90187	4.32281	3.90104	1.33772	1.24005	0.554995	0.00342853	0.0236103	0.5	
4.8	0.000702	1	0	1.23511	0.0554882	0.778717	3.46533	4.91859	-1.90187	4.30684	3.8698	1.33765	1.23664	0.553461	-0.012658	-0.0110232	0.5	
4.9	0.000491	1	0	1.23511	0.0554882	0.81233	3.40888	4.68649	-1.90031	4.29639	3.84871	1.3401	1.23335	0.551729	-0.0188684	-0.0250648	0.5	
5	0.0007	1	0	1.23511	0.0543366	0.858454	3.40888	4.68649	-1.90031	4.28619	3.80248	1.34182	1.24525	0.5498	-0.0245273	-0.0642891	0.318185	
5.1	0.000793	1	0	1.23511	0.0543366	0.850881	3.35023	4.45129	-1.89883	4.27466	3.76843	1.34324	1.21833	0.54768	-0.0288305	-0.0768213	0.348475	
5.2	0.000421	1	0	1.23511	0.0542142	0.896406	3.35023	4.45129	-1.89883	4.25107	3.68713	1.34692	1.12353	0.545371	-0.0371757	-0.103247	0.166374	
5.3	0.000433	1	0	1.23511	0.0542142	0.915048	3.29982	4.24604	-1.89015	4.235	3.63398	1.35165	1.04338	0.542879	-0.0397657	-0.108778	-0.5	
5.4	0.000398	2	0	1.23511	0.0462266	0.912436	3.29982	4.24604	-1.89015	4.2111	3.55353	1.35244	0.944168	0.540208	-0.0466625	-0.127498	-0.5	
5.5	0.000423	2	0	1.23511	0.0462266	0.937785	3.24977	4.03294	-1.87118	4.19899	3.51916	1.35194	0.860066	0.537362	-0.0455656	-0.116455	-0.5	
5.6	0.000449	2	0	1.23511	0.026493	0.934208	3.24977	4.03294	-1.87118	4.18482	3.43571	1.3553	0.751313	0.534347	-0.040136	-0.132365	-0.5	
5.7	0.00048	2	0	1.23511	0.026493	0.912806	3.19381	3.80995	-1.86247	4.18062	3.354	1.35382	0.751254	0.531169	-0.0401069	-0.1867	-0.5	
5.8	0.00042	2	0	1.23511	0.0193013	0.927485	3.19381	3.80995	-1.86247	4.13998	3.29943	1.34776	0.751022	0.527833	-0.0753897	-0.218168	-0.5	
5.9	0.001245	2	0	1.23511	0.0193013	0.905947	3.14302	3.60196	-1.85979	3.84026	3.25757	0.728051	0.396666	0.326908	-0.192062	-0.126906	-0.5	
6	0.001282	2	0	1.23511	0.0171326	0.867667	3.14302	3.60196	-1.85979	3.85647	3.24252	1.18326	0.396622	0.326732	-0.148057	-0.124812	-0.5	
6.1	0.001308	2	0	1.23511	0.0171326	0.889084	3.09344	3.40633	-1.85239	3.76973	3.2252	1.30262	0.286019	0.326437	-0.189871	-0.0934324	-0.5	
6.2	0.000407	2	0	1.23511	0.0113719	0.882456	3.09344	3.40633	-1.85239	3.99878	3.08937	2.88055	0.415406	0.169135	0.0470432	-0.152146	-0.5	
6.3	0.000413	2	0	1.23511	0.0113719	0.868733	3.05585	3.22531	-1.84659	4.06709	3.01695	2.83383	0.468115	0.07787	0.0848971	-0.160692	-0.5	
6.4	0.000401	2	0	1.23511	0.00174097	0.876807	3.05585	3.22531	-1.84659	4.25441	2.90744	2.85266	0.468052	0.0778439	0.269727	-0.253221	-0.5	
6.5	0.000397	2	0	1.23511	0.00174097	0.83035	2.99989	3.04894	-1.8471	4.27541	2.903	2.85529	0.467718	0.0777987	0.271853	-0.243985	-0.5	
6.6	0.000313	2	0	1.23511	0.0110239	0.831532	2.99989	3.04894	-1.8471	1.31675	1.90941	0.770887	0.261526	0.03	0	0	-0.5	
6.7	0.000327	2	0	1.5	0.0404037	0.827501	2.96006	2.87857	-1.85417	1.32725	1.92069	0.881398	0.26309	0.03	0.000471766	0.00050977	-0.5	
6.8	0.000312	3	0	1.5	0.045417	0.816608	2.96006	2.87857	-1.85417	1.51332	1.82726	2.19401	0.245468	0.262956	0.0337037	-0.00755987	-0.5	
6.9	0.000475	3	0	1.5	0.045417	0.825129	2.91823	2.71051	-1.85034	1.65517	1.7305	1.98979	0.25638	0.262729	0.0736647	-0.0344129	-0.5	
7	0.000373	3	0	1.5	0.0432835	0.788627	2.91823	2.71051	-1.85034	1.57175	1.7693	1.87584	0.269857	0.262409	0.0241569	-0.0140247	-0.5	
7.1	0.00046	3	0	1.5	0.0432835	0.771434	2.87083	2.54643	-1.84731	1.5753	1.8098	1.82435	0.297931	0.261998	0.0267608	-0.00224227	-0.5	
7.2	0.00049	3	0	1.5	0.0469449	0.78662	2.87083	2.54643	-1.84731	1.7192	1.94479	1.87286	0.548785	0.574499	0.0379213	-0.0173873	-0.5	
7.3	0.00092	3	0	1.5	0.0469449	0.751878	2.83667	2.37775	-1.8412	1.80327	1.89909	1.83141	0.575195	0.705261	0.0456775	-0.0433852	-0.5	
7.4	0.000955	3	0	1.5	0.0370777	0.739636	2.83667	2.37775	-1.8412	1.83863	1.89332	1.85389	0.600848	0.762345	0.0444979	-0.0388081	-0.5	
7.5	0.000387	3	0	1.5	0.0370777	0.713099	2.80436	2.21674	-1.83296	-5.60107	2.99243	1.26212	0.3597	0.03	-0.00154728	-0.00719353	-0.5	
7.6	0.000344	3	0	1.5	0.0269101	0.710864	2.80436	2.21674	-1.83296	-5.58199	2.99099	1.22629	0.352076	0.03	0.00830492	-0.00942891	-0.5	
7.7	0.00035	3	0	1.5	0.0269101	0.669754	2.7756	2.07047	-1.82211	-5.56363	3.01785	1.17047	0.353563	0.03	0.0156952	0.00184939	-0.5	
7.8	0.000321	3	0	1.5	0.0169277	0.653843	2.7756	2.07047	-1.82211	-5.56363	3.01785	1.17047	0.353563	0.03	0.0156952	0.00184939	-0.5	
7.9	0.000351	3	0	1.5	0.0169277	0.652627	2.74597	1.92691	-1.82252	-5.56623	3.0035	1.20956	0.347876	0.03	0.0116188	-0.00888828	-0.5	
8	0.000345	4	0	1.5	0.0148131	0.624888	2.74597	1.92691	-1.82252	-5.58702	2.99194	1.25004	0.347873	0.03	-0.00574513	-0.0169459	-0.5	
8.1	0.000346	4	0	1.5	0.0148131	0.6241	2.71627	1.78948	-1.82049	-5.58702	2.99194	1.25004	0.347873	0.03	-0.00574513	-0.0169459	-0.5	
8.2	0.000344	4	0	1.5	0.0123719	0.57676	2.71627	1.78948	-1.82049	-5.58702	2.99194	1.25004	0.347873	0.03	-0.00574513	-0.0169459	-0.5	
8.3	0.000353	4	0	1.5	0.0123719	0.564725	2.71627	1.78948	-1.82049	-5.58702	2.99194	1.25004	0.347873	0.03	-0.00574513	-0.0169459	-0.5	
8.4	0.000335	4	0	1.5	0.0123719	0.543989	2.67553	1.6178	-1.81219	1.73886	1.82396	-2.34045	0.298471	0.756626	-0.0589256	-0.0228082	-0.5	
8.5	0.000331	5	0	1.5	0.405071	0.510901	2.67553	1.6178	-1.81219	-5.58702	2.99194	1.25004	0.347873	0.03	-0.00574513	-0.0169459	-0.5	
8.6	0.000322	5	0	1.5	0.477648	0.499785	2.6481	1.47453	-1.80743	-5.58702	2.99194	1.25004	0.347873	0.03	-0.00574513	-0.0169459	-0.5	
8.7	0.000338	5	0	1.5	0.534228	0.481873	2.6481	1.47453	-1.80743	-5.58702	2.99194	1.25004	0.347873	0.03	-0.00574513	-0.0169459	-0.5	
8.8	0.000346	5	0	1.5	0.534228	0.454009	2.6481	1.47453	-1.80743	-5.58702	2.99194	1.25004	0.347873	0.03	-0.00574513	-0.0169459	-0.476034	
8.9	0.000306	5	0	1.5	0.534228	0.4365	2.63799	1.33423	-1.78933	-5.58702	2.99194	1.25004	0.347873	0.03	-0.00574513	-0.0169459	-0.5	
9	0.000316	5	0	1.5	0.926927	0.428652	2.63799	1.33423	-1.78933	-5.58702	2.99194	1.25004	0.347873	0.03	-0.00574513	-0.0169459	-0.374608	
9.1	0.000307	5	0	1.5	0.964961	0.403996	2.6621	1.24884	-1.7553	-5.58702	2.99194	1.25004	0.347873	0.03	-0.00574513	-0.0169459	-0.275982	
9.2	0.000285	5	0	1.5	1.31121	0.379793	2.6621	1.24884	-1.7553	-5.58702	2.99194	1.25004	0.347873	0.03	-0.00574513	-0.0169459	-0.179171	
9.3	0.00014	5	0	1.5	1.31121	0.358081	2.69364	1.17648	-1.72329	-5.58702	2.99194	1.25004	0.347873	0.03	-0.00574513	-0.0169459	-0.0923225	
9.4	0.000303	5	0	1.5	1.50186	0.315564	2.72984	1.14341	-1.69737	-5.58702	2.99194	1.25004	0.347873	0.03	-0.00574513	-0.0169459	0.0777439	
9.5	0.000305	5	0	1.5	1.46129	0.281004	2.72984	1.14341	-1.69737	-5.58702	2.99194	1.25004	0.347873	0.03	-0.00574513	-0.0169459	0.215983	
9.6	0.00028	5	0	1.5	1.46129	0.233638	2.77101	1.10903	-1.66651	-5.58702	2.99194	1.25004	0.347873	0.03	-0.00574513	-0.0169459	0.405449	
9.7	0.000285	5	0	1.5	1.41583	0.188589	2.77101	1.10903	-1.66651	-5.58702	2.99194	1.25004	0.347873	0.03	-0.00574513	-0.0169459	0.5	
9.8	0.000299	5	0	1.5	1.41583	0.157312	2.81576	1.08376	-1.64229	-5.58702	2.99194	1.25004	0.347873	0.03	-0.00574513	-0.0169459	0.5	
9.9	0.00031	5	0	1.5	1.38349	0.135309	2.81576	1.08376	-1.64229	-5.58702	2.99194	1.25004	0.347873	0.03	-0.00574513	-0.0169459	0.5	
10	0.000297	5	0	1.5	1.38349	0.119132	2.85965	1.06848	-1.60085	-5.58702	2.99194	1.25004	0.347873	0.03	-0.00574513	-0.0169459	0.5	
10.1	0.000276	5	0	1.5	1.34018	0.110271	2.85965	1.06848	-1.60085	-5.58702	2.99194	1.25004	0.347873	0.03	-0.00574513	-0.0169459	0.5	
10.2	0.000273	5	0	1.5	1.34018	0.105545	2.85965	1.06848	-1.60085	-5.58702	2.99194	1.25004	0.347873	0.03	-0.00574513	-0.0169459	0.5	
10.3	0.00028	5	0	1.5	1.34018	0.0916079	2.88819	1.057	-1.57028	-5.58702	2.99194	1.25004	0.347873	0.03	-0.00574513	-0.0169459	0.5	
10.4	0.000301	5	0	1.5	1.30741	0.0912145	2.88819	1.057	-1.57028	-5.58702	2.99194	1.25004	0.347873	0.03	-0.00574513	-0.0169459	0.5	
10.5	0.000277	5	0	1.5	1.30741	0.0953279	2.88819	1.057	-1.57028	-5.58702	2.99194	1.25004	0.347873	0.03	-0.00574513	-0.0169459	0.5	
10.6	0.00028	5	0	1.5	1.30741	0.0925344	2.88819	1.057	-1.57028	-5.58702	2.99194	1.25004	0.347873	0.03	-0.00574513	-0.0169459	0.5	
10.7	0.000293	5	0	1.5	1.30741	0.0919767	2.9263	1.04874	-1.53574	-5.58702	2.99194	1.25004	0.347873	0.03	-0.00574513	-0.0169459	0.5	
10.8	0.000261	5	0	1.5	1.27446	0.0983653	2.9263	1.04874	-1.53574	-5.58702	2.99194	1.25004	0.347873	0.03	-0.00574513	-0.0169459	0.5	
10.9	0.000305	5	0	1.5	1.27446	0.106692	2.9263	1.04874	-1.53574	-5.58702	2.99194	1.25004	0.347873	0.03	-0.00574513	-0.0169459	0.5	
11	0.000295	5	0	1.5	1.27446	0.110641	2.95066	1.04761	-1.50824	-5.58702	2.99194	1.25004	0.347873	0.03	-0.00574513	-0.0169459	0.5	
11.1	0.000298	5	0	1.5	1.25064	0.113588	2.95066	1.04761	-1.50824	-5.58702	2.99194	1.25004	0.347873	0.03	-0.00574513	-0.0169459	0.5	
11.2	0.000309	5	0	1.5	1.25064	0.115719	2.97379	1.04721	-1.47892	-5.58702	2.99194	1.25004	0.347873	0.03	-0.00574513	-0.0169459	0.5	
11.3	0.000268	5	0	1.5	1.22524	0.113008	2.97379	1.04721	-1.47892	-5.58702	2.99194	1.25004	0.347873	0.03	-0.00574513	-0.0169459	0.5	
11.4	0.000264	5	0	1.5	1.22524	0.121086	2.97379	1.04721	-1.47892	-5.58702	2.99194	1.25004	0.347873	0.03	-0.00574513	-0.0169459	0.5	
11.5	0.000293	5	0	1.5	1.22524	0.128719	3.0041	1.04243	-1.44579	-5.58702	2.99194	1.25004	0.347873	0.03	-0.00574513	-0.0169459	0.5	
11.6	0.000274	5	0	1.5	1.19453	0.125697	3.0041	1.04243	-1.44579	-5.58702	2.99194	1.25004	0.347873	0.03	-0.00574513	-0.0169459	0.5	
11.7	0.000299	5	0	1.5	1.19453	0.126245	3.0041	1.04243	-1.44579	-5.58702	2.99194	1.25004	0.347873	0.03	-0.00574513	-0.0169459	0.5	
11.8	0.000287	5	0	1.5	1.19453	0.132475	3.03551	1.03822	-1.41011	-5.58702	2.99194	1.25004	0.347873	0.03	-0.00574513	-0.0169459	0.5	
11.9	0.000285	5	0	1.5	1.16183	0.146377	3.03551	1.03822	-1.41011	-5.58702	2.99194	1.25004	0.347873	0.03	-0.00574513	-0.0169459	0.5	
12	0.000273	5	0	1.5	1.16183	0.151362	3.06862	1.03255	-1.37971	-5.58702	2.99194	1.25004	0.347873	0.03	-0.00574513	-0.0169459	0.5	
12.1	0.000258	5	0	1.5	1.13377	0.163113	3.06862	1.03255	-1.37971	-5.58702	2.99194	1.25004	0.347873	0.03	-0.00574513	-0.0169459	0.5	
12.2	0.000263	5	0	1.5	1.13377	0.164714	3.06862	1.03255	-1.37971	-5.58702	2.99194	1.25004	0.347873	0.03	-0.00574513	-0.0169459	0.5	
12.3	0.000259	5	0	1.5	1.13377	0.164174	3.10673	1.033	-1.34242	-5.58702	2.99194	1.25004	0.347873	0.03	-0.00574513	-0.0169459	0.5	
12.4	0.000332	5	0	1.5	1.10366	0.165746	3.10673	1.033	-1.34242	-5.58702	2.99194	1.25004	0.347873	0.03	-0.00574513	-0.0169459	0.5	
12.5	0.000454	5	0	1.5	1.10366	0.16208	3.14356	1.02293	-1.31702	-5.58702	2.99194	1.25004	0.347873	0.03	-0.00574513	-0.0169459	0.5	
12.6	0.000383	5	0	1.5	1.07845	0.165929	3.14356	1.02293	-1.31702	-5.58702	2.99194	1.25004	0.347873	0.03	-0.00574513	-0.0169459	0.5	
12.7	0.00028	5	0	1.5	1.07845	0.174885	3.17368	1.01687	-1.28921	-5.58702	2.99194	1.25004	0.347873	0.03	-0.00574513	-0.0169459	0.5	
12.8	0.000277	5	0	1.5	1.0522	0.180523	3.17368	1.01687	-1.28921	-5.58702	2.99194	1.25004	0.347873	0.03	-0.00574513	-0.0169459	0.5	
12.9	0.000298	5	0	1.5	1.0522	0.179194	3.20532	1.01571	-1.26161	-5.58702	2.99194	1.25004	0.347873	0.03	-0.00574513	-0.0169459	0.5	
13	0.000259	5	0	1.5	1.02956	0.178945	3.20532	1.01571	-1.26161	-5.58702	2.99194	1.25004	0.347873	0.03	-0.00574513	-0.0169459	0.5	
13.1	0.000284	5	0	1.5	1.02956	0.207242	3.24294	1.01092	-1.23077	-5.58702	2.99194	1.25004	0.347873	0.03	-0.00574513	-0.0169459	0.5	
13.2	0.000219	5	0	1.5	1.00245	0.231662	3.24294	1.01092	-1.23077	-5.58702	2.99194	1.25004	0.347873	0.03	-0.00574513	-0.0169459	0.413352	
13.3	0.000286	5	0	1.5	1.00245	0.253536	3.2866	1.00747	-1.19878	-5.58702	2.99194	1.25004	0.347873	0.03	-0.00574513	-0.0169459	0.325856	
13.4	0.000279	5	0	1.5	0.976133	0.272761	3.31017	1.00381	-1.16995	-5.58702	2.99194	1.25004	0.347873	0.03	-0.00574513	-0.0169459	0.248957	
13.5	0.000272	5	0	1.5	0.949205	0.306518	3.31017	1.00381	-1.16995	-5.58702	2.99194	1.25004	0.347873	0.03	-0.00574513	-0.0169459	0.11393	
13.6	0.000264	5	0	1.5	0.949205	0.303754	3.35103	1.00149	-1.13504	-5.58702	2.99194	1.25004	0.347873	0.03	-0.00574513	-0.0169459	0.124985	
13.7	0.000283	5	0	1.5	0.920173	0.311702	3.39108	0.997311	-1.105	-5.58702	2.99194	1.25004	0.347873	0.03	-0.00574513	-0.0169459	0.0931901	
13.8	0.000286	5	0	1.5	0.89468	0.329764	3.42746	0.994645	-1.07347	-5.58702	2.99194	1.25004	0.347873	0.03	-0.00574513	-0.0169459	0.0209423	
13.9	0.000281	5	0	1.5	0.855351	0.343251	3.42746	0.994645	-1.07347	-5.58702	2.99194	1.25004	0.347873	0.03	-0.00574513	-0.0169459	-0.0330042	
14	0.000247	5	0	1.5	0.855351	0.353084	3.47663	0.99335	-1.03361	-5.58702	2.99194	1.25004	0.347873	0.03	-0.00574513	-0.0169459	-0.0723359	
14.1	0.000249	5	0	1.5	0.761025	0.361019	3.51704	0.997129	-0.996118	-5.58702	2.99194	1.25004	0.347873	0.03	-0.00574513	-0.0169459	-0.104075	
14.2	0.000259	5	0	1.5	0.667733	0.347918	3.56389	0.996157	-0.962988	-5.58702	2.99194	1.25004	0.347873	0.03	-0.00574513	-0.0169459	-0.0516721	
14.3	0.000268	5	0	1.5	0.579813	0.353357	3.56389	0.996157	-0.962988	-5.58702	2.99194	1.25004	0.347873	0.03	-0.00574513	-0.0169459	-0.0734261	
14.4	0.000262	5	0	1.5	0.579813	0.349111	3.6097	0.994159	-0.921557	-5.58702	2.99194	1.25004	0.347873	0.03	-0.00574513	-0.0169459	-0.0564445	
14.5	0.000267	5	0	1.5	0.485872	0.350006	3.65464	0.988952	-0.889019	-5.58702	2.99194	1.25004	0.347873	0.03	-0.00574513	-0.0169459	-0.0600253	
14.6	0.000271	5	0	1.5	0.409983	0.353675	3.65464	0.988952	-0.889019	-5.58702	2.99194	1.25004	0.347873	0.03	-0.00574513	-0.0169459	-0.0746999	
14.7	0.000285	5	0	1.5	0.409983	0.345036	3.7291	0.981653	-0.849233	-5.58702	2.99194	1.25004	0.347873	0.03	-0.00574513	-0.0169459	-0.0401448	
14.8	0.000236	5	0	1.5	0.301213	0.341683	3.7291	0.981653	-0.849233	-5.58702	2.99194	1.25004	0.347873	0.03	-0.00574513	-0.0169459	-0.026732	
14.9	0.000262	5	0	1.5	0.301213	0.331608	3.79282	0.968337	-0.809248	-5.58702	2.99194	1.25004	0.347873	0.03	-0.00574513	-0.0169459	0.0135672	
15	0.000275	5	0	1.5	0.221891	0.329852	3.79282	0.968337	-0.809248	-5.58702	2.99194	1.25004	0.347873	0.03	-0.00574513	-0.0169459	0.0205909	
15.1	0.000236	5	0	1.5	0.221891	0.320697	3.85356	0.949546	-0.773295	-5.58702	2.99194	1.25004	0.347873	0.03	-0.00574513	-0.0169459	0.0572105	
15.2	0.000232	5	0	1.5	0.168325	0.32323	3.85356	0.949546	-0.773295	-5.58702	2.99194	1.25004	0.347873	0.03	-0.00574513	-0.0169459	0.0470817	
15.3	0.000251	5	0	1.5	0.168325	0.314941	3.85356	0.949546	-0.773295	-5.58702	2.99194	1.25004	0.347873	0.03	-0.00574513	-0.0169459	0.0802376	
15.4	0.000238	5	0	1.5	0.168325	0.315079	3.93067	0.920756	-0.740243	-5.58702	2.99194	1.25004	0.347873	0.03	-0.00574513	-0.0169459	0.0796843	
15.5	0.00025	5	0	1.5	0.154282	0.316865	3.93067	0.920756	-0.740243	-5.58702	2.99194	1.25004	0.347873	0.03	-0.00574513	-0.0169459	0.0725414	
15.6	0.000247	5	0	1.5	0.154282	0.310082	3.93067	0.920756	-0.740243	-5.58702	2.99194	1.25004	0.347873	0.03	-0.00574513	-0.0169459	0.0996726	
15.7	0.000248	5	0	1.5	0.154282	0.306925	4.02313	0.873552	-0.710965	-5.58702	2.99194	1.25004	0.347873	0.03	-0.00574513	-0.0169459	0.112298	
15.8	0.00023	5	0	1.5	0.197735	0.317088	4.02313	0.873552	-0.710965	-5.58702	2.99194	1.25004	0.347873	0.03	-0.00574513	-0.0169459	0.0716466	
15.9	0.000255	5	0	1.5	0.197735	0.316506	4.02313	0.873552	-0.710965	-5.58702	2.99194	1.25004	0.347873	0.03	-0.00574513	-0.0169459	0.0739743	
16	0.000245	5	0	1.5	0.197735	0.31339	4.02313	0.873552	-0.710965	-5.58702	2.99194	1.25004	0.347873	0.03	-0.00574513	-0.0169459	0.0864382	
16.1	0.000244	5	0	1.5	0.197735	0.31514	4.13284	0.817555	-0.687161	-5.58702	2.99194	1.25004	0.347873	0.03	-0.00574513	-0.0169459	0.0794398	
16.2	0.000256	5	0	1.5	0.260732	0.306699	4.13284	0.817555	-0.687161	-5.58702	2.99194	1.25004	0.347873	0.03	-0.00574513	-0.0169459	0.113204	
16.3	0.000248	5	0	1.5	0.260732	0.308432	4.13284	0.817555	-0.687161	-5.58702	2.99194	1.25004	0.347873	0.03	-0.00574513	-0.0169459	0.106272	
16.4	0.000239	5	0	1.5	0.260732	0.303322	4.20559	0.780984	-0.665523	-5.58702	2.99194	1.25004	0.347873	0.03	-0.00574513	-0.0169459	0.126712	
16.5	0.000266	5	0	1.5	0.296224	0.296017	4.20559	0.780984	-0.665523	4.75571	1.60713	-0.0105667	0.129889	0.03	0.0567564	-0.0322147	0.155932	
16.6	0.000255	5	0	1.5	0.296224	0.308405	4.20559	0.780984	-0.665523	4.77652	1.60316	-0.0209394	0.128134	0.03	0.0692418	-0.0318892	0.10638	
16.7	0.000246	5	0	1.5	0.296224	0.32279	4.30458	0.737805	-0.63948	4.76456	1.59696	-0.0640136	0.128108	0.03	0.0573261	-0.0348062	0.0488402	
16.8	0.000246	5	0	1.5	0.345509	0.327212	4.30458	0.737805	-0.63948	4.8157	1.57816	-0.0896975	0.133201	0.03	0.0993089	-0.0491619	0.0311525	
16.9	0.000268	5	0	1.5	0.345509	0.318746	4.30458	0.737805	-0.63948	4.82625	1.58647	-0.0680143	0.133175	0.03	0.10216	-0.040785	0.0650169	
17	0.000266	5	0	1.5	0.345509	0.326565	4.30458	0.737805	-0.63948	4.88039	1.57944	-0.0351162	0.133138	0.03	0.143906	-0.0424464	0.0337387	
17.1	0.000243	5	0	1.5	0.345509	0.318276	4.42804	0.702524	-0.603508	4.88599	1.57709	-0.0044398	0.125376	0.03	0.138121	-0.0420022	0.5	
17.2	0.000203	1	2	1.5	0.111967	0.312892	4.42804	0.702524	-0.603508	4.90967	1.56376	-0.0175239	0.115242	0.03	0.138361	-0.0500682	0.5	
17.3	0.000216	1	2	1.5	0.111967	0.321381	4.42804	0.702524	-0.603508	4.92162	1.56687	-0.00732179	0.110964	0.03	0.138789	-0.0453084	0.5	
17.4	0.000216	1	2	1.5	0.111967	0.340379	4.51584	0.676768	-0.576794	4.94865	1.55965	-0.0213401	0.103534	0.03	0.143795	-0.0465442	0.5	
17.5	0.000227	1	2	1.5	0.0862082	0.348633	4.51584	0.676768	-0.576794	4.9612	1.56049	0.0196123	0.100518	0.03	0.144878	-0.0436231	0.5	
17.6	0.000209	1	2	1.5	0.0862082	0.357398	4.51584	0.676768	-0.576794	4.98994	1.54621	-0.0400299	0.0767666	0.03	0.142324	-0.0528259	0.5	
17.7	0.000244	1	2	1.5	0.0862082	0.380573	4.62859	0.648092	-0.554937	4.99868	1.53567	-0.0969489	0.0609125	0.03	0.135919	-0.0577727	0.5	
17.8	0.000241	1	2	1.5	0.0641416	0.399899	4.62859	0.648092	-0.554937	4.99868	1.53567	-0.0969489	0.0609125	0.03	0.135919	-0.0577727	0.5	
17.9	0.00024	1	2	1.5	0.0641416	0.41255	4.62859	0.648092	-0.554937	4.99868	1.53567	-0.0969489	0.0609125	0.03	0.135919	-0.0577727	0.5	
18	0.000232	1	2	1.5	0.0641416	0.419737	4.62859	0.648092	-0.554937	4.99868	1.53567	-0.0969489	0.0609125	0.03	0.135919	-0.0577727	0.5	
18.1	0.000237	1	2	1.5	0.0641416	0.438211	4.76692	0.587102	-0.529252	4.99868	1.53567	-0.0969489	0.0609125	0.03	0.135919	-0.0577727	0.5	
18.2	0.000245	1	2	1.5	0.0719099	0.459818	4.76692	0.587102	-0.529252	4.99868	1.53567	-0.0969489	0.0609125	0.03	0.135919	-0.0577727	0.5	
18.3	0.000219	1	2	1.5	0.0719099	0.466595	4.76692	0.587102	-0.529252	4.99868	1.53567	-0.0969489	0.0609125	0.03	0.135919	-0.0577727	0.5	
18.4	0.000239	1	2	1.5	0.0719099	0.483248	4.8783	0.541137	-0.519807	4.99868	1.53567	-0.0969489	0.0609125	0.03	0.135919	-0.0577727	0.5	
18.5	0.000248	1	2	1.5	0.0859353	0.52222	4.8783	0.541137	-0.519807	4.99868	1.53567	-0.0969489	0.0609125	0.03	0.135919	-0.0577727	0.5	
18.6	0.000236	1	2	1.5	0.0859353	0.52943	4.99277	0.488099	-0.502977	4.99868	1.53567	-0.0969489	0.0609125	0.03	0.135919	-0.0577727	0.5	
18.7	0.000247	1	2	1.5	0.0998301	0.548518	4.99277	0.488099	-0.502977	6.9417	2.22048	1.17812	0.553466	0.03	0.000237294	0.10396	0.5	
18.8	0.000223	1	2	1.5	0.0998301	0.552769	4.99277	0.488099	-0.502977	6.9417	2.22048	1.17812	0.553466	0.03	0.000237294	0.10396	0.5	
18.9	0.000248	1	2	1.5	0.0998301	0.595126	5.13273	0.422867	-0.490005	6.9417	2.22048	1.17812	0.553466	0.03	0.000237294	0.10396	0.5	
19	0.00025	1	2	1.5	0.127242	0.612417	5.13273	0.422867	-0.490005	6.9417	2.22048	1.17812	0.553466	0.03	0.000237294	0.10396	0.5	
19.1	0.000248	1	2	1.5	0.127242	0.624113	5.13273	0.422867	-0.490005	6.9417	2.22048	1.17812	0.553466	0.03	0.000237294	0.10396	0.5	
19.2	0.000244	1	2	1.5	0.127242	0.644694	5.28196	0.357544	-0.474357	6.9417	2.22048	1.17812	0.553466	0.03	0.000237294	0.10396	0.5	
19.3	0.000244	1	2	1.5	0.148819	0.693536	5.28196	0.357544	-0.474357	6.9417	2.22048	1.17812	0.553466	0.03	0.000237294	0.10396	0.5	
19.4	0.000252	1	2	1.5	0.148819	0.685187	5.43102	0.300772	-0.449418	6.9417	2.22048	1.17812	0.553466	0.03	0.000237294	0.10396	0.5	
19.5	0.000248	1	2	1.5	0.143603	0.711827	5.43102	0.300772	-0.449418	6.9417	2.22048	1.17812	0.553466	0.03	0.000237294	0.10396	0.5	
19.6	0.000221	1	2	1.5	0.143603	0.754893	5.52733	0.263945	-0.434378	6.9417	2.22048	1.17812	0.553466	0.03	0.000237294	0.10396	0.5	
19.7	0.000224	1	2	1.5	0.141681	0.765685	5.52733	0.263945	-0.434378	6.9417	2.22048	1.17812	0.553466	0.03	0.000237294	0.10396	0.5	
19.8	0.000232	1	2	1.5	0.141681	0.795652	5.6666	0.224978	-0.405989	6.9417	2.22048	1.17812	0.553466	0.03	0.000237294	0.10396	0.5	
19.9	0.000233	1	2	1.5	0.110024	0.834563	5.6666	0.224978	-0.405989	6.9417	2.22048	1.17812	0.553466	0.03	0.000237294	0.10396	0.413747	
20	0.000218	1	2	1.5	0.110024	0.8444	5.82558	0.176682	-0.373933	6.9417	2.22048	1.17812	0.553466	0.03	0.000237294	0.10396	0.3744	
20.1	0.000217	1	2	1.5	0.0829795	0.856539	5.82558	0.176682	-0.373933	6.9417	2.22048	1.17812	0.553466	0.03	0.000237294	0.10396	0.325845	
20.2	0.000209	1	2	1.5	0.0829795	0.878901	5.9897	0.139974	-0.350749	6.9417	2.22048	1.17812	0.553466	0.03	0.000237294	0.10396	0.236396	
20.3	0.000215	1	2	1.5	0.0559216	0.917356	5.9897	0.139974	-0.350749	6.9417	2.22048	1.17812	0.553466	0.03	0.000237294	0.10396	0.0825756	
20.4	0.00021	1	2	1.5	0.0559216	0.922611	6.16771	0.0939863	-0.325445	6.9417	2.22048	1.17812	0.553466	0.03	0.000237294	0.10396	0.0615541	
20.5	0.000216	1	2	1.5	0.0367611	0.924804	6.16771	0.0939863	-0.325445	6.9417	2.22048	1.17812	0.553466	0.03	0.000237294	0.10396	0.0527857	
20.6	0.00023	1	2	1.5	0.0367611	0.955868	6.3643	0.0443173	-0.307906	6.9417	2.22048	1.17812	0.553466	0.03	0.000237294	0.10396	-0.0714717	
20.7	0.000231	1	2	1.5	0.0257955	0.959495	6.3643	0.0443173	-0.307906	6.9417	2.22048	1.17812	0.553466	0.03	0.000237294	0.10396	-0.0859801	
20.8	0.000221	1	2	1.5	0.0257955	0.972395	6.55801	-0.0136667	-0.298813	6.9417	2.22048	1.17812	0.553466	0.03	0.000237294	0.10396	-0.137578	
20.9	0.000239	1	2	1.5	0.0269589	0.977146	6.55801	-0.0136667	-0.298813	6.9417	2.22048	1.17812	0.553466	0.03	0.000237294	0.10396	-0.156585	
21	0.000195	1	2	1.5	0.0269589	0.967481	6.76936	-0.0695725	-0.292198	6.9417	2.22048	1.17812	0.553466	0.03	0.000237294	0.10396	-0.117923	
21.1	0.000248	1	2	1.5	0.0256663	0.978953	6.76936	-0.0695725	-0.292198	6.9417	2.22048	1.17812	0.553466	0.03	0.000237294	0.10396	-0.163813	
21.2	0.000242	1	2	1.5	0.0256663	0.974424	6.96777	-0.116159	-0.283837	6.9417	2.22048	1.17812	0.553466	0.03	0.000237294	0.10396	-0.145695	
21.3	0.000249	1	2	1.5	0.0197693	0.993141	6.96777	-0.116159	-0.283837	6.9417	2.22048	1.17812	0.553466	0.03	0.000237294	0.10396	-0.220566	
21.4	0.000251	1	2	1.5	0.0197693	0.987514	7.18063	-0.162585	-0.275222	6.9417	2.22048	1.17812	0.553466	0.03	0.000237294	0.10396	-0.198055	
21.5	0.000259	1	2	1.5	0.0127826	0.989276	7.18063	-0.162585	-0.275222	6.9417	2.22048	1.17812	0.553466	0.03	0.000237294	0.10396	-0.205106	
21.6	0.000245	1	2	1.5	0.0127826	0.977427	7.37775	-0.215637	-0.268432	6.9417	2.22048	1.17812	0.553466	0.03	0.000237294	0.10396	-0.5	
21.7	0.00025	2	2	1.5	0.0120834	0.996359	7.37775	-0.215637	-0.268432	6.9417	2.22048	1.17812	0.553466	0.03	0.000237294	0.10396	-0.5	
21.8	0.000257	2	2	1.5	0.0120834	1.01003	7.57587	-0.267635	-0.272146	6.9417	2.22048	1.17812	0.553466	0.03	0.000237294	0.10396	-0.5	
21.9	0.000251	2	2	1.5	0.0157772	0.969985	7.57587	-0.267635	-0.272146	6.9417	2.22048	1.17812	0.553466	0.03	0.000237294	0.10396	-0.5	
22	0.000263	2	2	1.5	0.0157772	0.956617	7.7823	-0.314669	-0.276792	6.9417	2.22048	1.17812	0.553466	0.03	0.000237294	0.10396	-0.5	
22.1	0.000265	2	2	1.5	0.0167552	0.975664	7.7823	-0.314669	-0.276792	6.9417	2.22048	1.17812	0.553466	0.03	0.000237294	0.10396	-0.5	
22.2	0.000265	2	2	1.5	0.0167552	0.937632	7.99219	-0.369359	-0.267141	6.9417	2.22048	1.17812	0.553466	0.03	0.000237294	0.10396	-0.5	
22.3	0.000276	2	2	1.5	0.0138143	0.921069	7.99219	-0.369359	-0.267141	6.9417	2.22048	1.17812	0.553466	0.03	0.000237294	0.10396	-0.5	
22.4	0.000271	2	2	1.5	0.0138143	0.921758	8.19204	-0.407128	-0.266993	6.9417	2.22048	1.17812	0.553466	0.03	0.000237294	0.10396	-0.5	
22.5	0.000289	2	2	1.5	0.00924868	0.898897	8.19204	-0.407128	-0.266993	6.9417	2.22048	1.17812	0.553466	0.03	0.000237294	0.10396	-0.5	
22.6	0.000285	2	2	1.5	0.00924868	0.886498	8.38617	-0.45879	-0.264294	6.9417	2.22048	1.17812	0.553466	0.03	0.000237294	0.10396	-0.5	
22.7	0.000289	2	2	1.5	0.0100369	0.88357	8.38617	-0.45879	-0.264294	6.9417	2.22048	1.17812	0.553466	0.03	0.000237294	0.10396	-0.5	
22.8	0.000286	2	2	1.5	0.0100369	0.872149	8.56684	-0.497793	-0.261166	6.9417	2.22048	1.17812	0.553466	0.03	0.000237294	0.10396	-0.5	
22.9	0.000293	2	2	1.5	0.0070811	0.840355	8.56684	-0.497793	-0.261166	6.9417	2.22048	1.17812	0.553466	0.03	0.000237294	0.10396	-0.5	
23	0.000291	2	2	1.5	0.0070811	0.81918	8.76072	-0.548519	-0.251146	6.9417	2.22048	1.17812	0.553466	0.03	0.000237294	0.10396	-0.5	
23.1	0.000321	3	2	1.5	0.00505852	0.81303	8.76072	-0.548519	-0.251146	6.9417	2.22048	1.17812	0.553466	0.03	0.000237294	0.10396	-0.5	
23.2	0.000312	3	2	1.5	0.00505852	0.808689	8.94053	-0.589526	-0.243264	6.9417	2.22048	1.17812	0.553466	0.03	0.000237294	0.10396	-0.5	
23.3	0.000308	3	2	1.5	0.00236982	0.792774	8.94053	-0.589526	-0.243264	6.9417	2.22048	1.17812	0.553466	0.03	0.000237294	0.10396	-0.5	
23.4	0.000319	3	2	1.5	0.00236982	0.770066	9.11132	-0.630091	-0.235093	6.9417	2.22048	1.17812	0.553466	0.03	0.000237294	0.10396	-0.5	
23.5	0.000241	3	2	1.5	0.00074491	0.751473	9.11132	-0.630091	-0.235093	6.9417	2.22048	1.17812	0.553466	0.03	0.000237294	0.10396	-0.5	
23.6	0.000301	3	2	1.5	0.00074491	0.735053	9.26952	-0.660527	-0.233561	6.9417	2.22048	1.17812	0.553466	0.03	0.000237294	0.10396	-0.5	
23.7	0.000308	3	2	1.5	0	0.721005	9.26952	-0.660527	-0.233561	6.9417	2.22048	1.17812	0.553466	0.03	0.000237294	0.10396	-0.5	
23.8	0.000313	3	2	1.5	0	0.701669	9.42208	-0.702826	-0.23655	6.9417	2.22048	1.17812	0.553466	0.03	0.000237294	0.10396	-0.5	
23.9	0.00032	3	2	1.5	0.000580534	0.691829	9.42208	-0.702826	-0.23655	6.9417	2.22048	1.17812	0.553466	0.03	0.000237294	0.10396	-0.5	
24	0.000624	3	2	1.5	0.000580534	0.657502	9.59319	-0.754796	-0.239444	11.1688	1.36373	-0.251216	0.154632	0.03	0	0	-0.5	
24.1	0.000658	4	2	1.5	0.00323901	0.64445	9.59319	-0.754796	-0.239444	11.1679	1.37517	-0.249628	0.160255	0.03	8.69853e-05	0.000510013	-0.5	
24.2	0.000676	4	2	1.5	0.00323901	0.616874	9.73669	-0.787846	-0.23593	11.1968	1.35033	-0.255717	0.227691	0.03	-0.00115129	-0.00485995	-0.5	
24.3	0.000661	4	2	1.5	0.00208835	0.590887	9.73669	-0.787846	-0.23593	11.2206	1.34109	-0.242871	0.273288	0.03	-0.000572797	-0.00579609	-0.5	
24.4	0.000552	4	2	1.5	0.00208835	0.574404	9.73669	-0.787846	-0.23593	11.2547	1.32788	-0.255225	0.344033	0.03	-0.000663621	-0.00793226	-0.5	
24.5	0.00064	4	2	1.5	0.00208835	0.550815	9.91262	-0.828032	-0.235569	11.3276	1.41206	-0.252983	0.393527	0.03	0.0213646	0.0314979	-0.5	
24.6	0.000566	5	2	1.5	0.394787	0.522184	9.91262	-0.828032	-0.235569	11.3615	1.3299	-0.248047	0.48876	0.03	0.0109723	-0.0199394	-0.5	
24.7	0.00028	10	4	1.5	0.565296	0.497803	9.91262	-0.828032	-0.235569	11.3615	1.3299	-0.248047	0.48876	0.03	0.0109723	-0.0199394	-0.5	
24.8	0.00027	10	4	1.5	0.957995	0.493879	10.0659	-0.854217	-0.235735	11.372	1.30773	-0.244819	0.515397	0.03	0.00652382	-0.0342873	-0.5	
24.9	0.000282	10	4	1.5	1.35069	0.449949	10.0659	-0.854217	-0.235735	11.517	1.20314	-0.34437	0.18979	0.03	-0.00110948	-0.0701071	-0.5	
25	0.000281	10	4	1.5	1.74339	0.425463	10.1921	-0.856643	-0.209993	11.4035	1.27405	-0.261356	0.425815	0.03	-0.00309862	-0.0390996	-0.361853	
25.1	0.000283	10	4	1.5	1.90494	0.354148	10.1921	-0.856643	-0.209993	11.3502	1.28991	-0.24055	0.473367	0.03	-0.020145	-0.0321218	-0.0765922	
25.2	0.000281	10	4	1.5	1.90494	0.320401	10.2433	-0.817973	-0.166993	11.3459	1.295	-0.227217	0.47639	0.03	-0.0202143	-0.0244164	0.0583956	
25.3	0.000293	10	4	1.5	1.88578	0.274331	10.2785	-0.780796	-0.140759	11.3328	1.29827	-0.221239	0.47252	0.03	-0.0262708	-0.0216702	0.242678	
25.4	0.000294	10	4	1.5	1.87432	0.204329	10.2785	-0.780796	-0.140759	11.338	1.30665	-0.223552	0.463908	0.03	-0.022175	-0.0105684	0.5	
25.5	0.000292	10	4	1.5	1.87432	0.158379	10.2921	-0.734957	-0.109177	11.3441	1.29973	-0.222914	0.439266	0.03	-0.0251112	-0.0128604	0.5	
25.6	0.000297	10	4	1.5	1.84426	0.124199	10.2921	-0.734957	-0.109177	11.3347	1.3089	-0.226475	0.437886	0.03	-0.0302311	-0.00258659	0.5	
25.7	0.000287	10	4	1.5	1.84426	0.111887	10.2873	-0.699077	-0.0773287	11.3299	1.31076	-0.23106	0.426119	0.03	-0.028266	-0.00209395	0.5	
25.8	0.000263	10	4	1.5	1.80512	0.103725	10.2873	-0.699077	-0.0773287	11.3381	1.31285	-0.232072	0.44014	0.03	-0.0231823	0.00181422	0.5	
25.9	0.000291	10	4	1.5	1.80512	0.104075	10.2873	-0.699077	-0.0773287	11.334	1.31391	-0.231786	0.432828	0.03	-0.0224515	0.00189203	0.5	
26	0.000288	10	4	1.5	1.80512	0.0973401	10.2915	-0.668864	-0.0542906	11.3362	1.31596	-0.225226	0.428851	0.03	-0.0191902	0.00415903	0.5	
26.1	0.000289	10	4	1.5	1.78047	0.0963209	10.2915	-0.668864	-0.0542906	11.3366	1.31538	-0.226859	0.426649	0.03	-0.0187372	0.00372037	0.5	
26.2	0.000288	10	4	1.5	1.78047	0.0931922	10.2915	-0.668864	-0.0542906	11.3423	1.32745	-0.226681	0.42664	0.03	-0.0103548	0.0155637	0.5	
26.3	0.000268	10	4	1.5	1.78047	0.093834	10.2865	-0.64112	-0.030017	11.333	1.31962	-0.22397	0.412455	0.03	-0.0116002	0.0079883	0.5	
26.4	0.000294	10	4	1.5	1.74977	0.0958427	10.2865	-0.64112	-0.030017	11.3334	1.31506	-0.224733	0.408568	0.03	-0.0115179	0.00261572	0.5	
26.5	0.000294	10	4	1.5	1.74977	0.114186	10.2865	-0.64112	-0.030017	11.3362	1.30907	-0.23241	0.405836	0.03	-0.00984907	-0.00165594	0.5	
26.6	0.000295	10	4	1.5	1.74977	0.123882	10.2771	-0.606386	0.00350296	11.3311	1.31209	-0.233464	0.394383	0.03	-0.00807039	0.000354777	0.5	
26.7	0.000283	10	4	1.5	1.70638	0.11714	10.2771	-0.606386	0.00350296	11.3334	1.30475	-0.22514	0.390549	0.03	-0.00731465	-0.00472835	0.5	
26.8	0.000282	10	4	1.5	1.70638	0.112582	10.2771	-0.606386	0.00350296	11.3325	1.309	-0.227114	0.395764	0.03	-0.0046129	-0.000253418	0.5	
26.9	0.000297	10	4	1.5	1.70638	0.118692	10.2722	-0.565575	0.0381933	11.3436	1.30955	-0.229145	0.39685	0.03	0.00338589	0.000250248	0.5	
27	0.000284	10	4	1.5	1.66347	0.12246	10.2722	-0.565575	0.0381933	11.3415	1.31028	-0.227489	0.394907	0.03	0.00173107	0.000757743	0.5	
27.1	0.000287	10	4	1.5	1.66347	0.119028	10.2722	-0.565575	0.0381933	11.34	1.31547	-0.230878	0.401217	0.03	0.00279137	0.00402544	0.5	
27.2	0.000255	10	4	1.5	1.66347	0.119167	10.2695	-0.532287	0.0731357	11.3353	1.31984	-0.235207	0.392224	0.03	0.0021314	0.0069617	0.5	
27.3	0.000276	10	4	1.5	1.62253	0.117195	10.2695	-0.532287	0.0731357	11.3393	1.31588	-0.235507	0.388205	0.03	0.00349022	0.0040372	0.5	
27.4	0.00028	10	4	1.5	1.62253	0.127205	10.266	-0.502322	0.102978	11.3436	1.3238	-0.236055	0.384377	0.03	0.00561085	0.0122462	0.5	
27.5	0.000285	10	4	1.5	1.58666	0.126318	10.266	-0.502322	0.102978	11.3388	1.32053	-0.232956	0.391243	0.03	0.00426783	0.00862158	0.5	
27.6	0.000285	10	4	1.5	1.58666	0.129218	10.266	-0.502322	0.102978	11.3401	1.32273	-0.235239	0.391573	0.03	0.00478543	0.00976151	0.5	
27.7	0.00028	10	4	1.5	1.58666	0.122031	10.2537	-0.468976	0.133936	11.3325	1.31344	-0.230809	0.391555	0.03	-0.00102371	0.00241231	0.5	
27.8	0.000282	10	4	1.5	1.54411	0.114843	10.2537	-0.468976	0.133936	11.338	1.31265	-0.23436	0.391539	0.03	0.00491267	0.00124681	0.5	
27.9	0.000162	10	4	1.5	1.54411	0.123203	10.2537	-0.468976	0.133936	11.3351	1.31899	-0.228589	0.376705	0.03	0.00787093	0.00461385	0.5	
28	0.00028	10	4	1.5	1.54411	0.119153	10.2473	-0.439715	0.163972	11.3365	1.31162	-0.231646	0.376703	0.03	0.00817926	-0.00379527	0.5	
28.1	0.000282	10	4	1.5	1.5064	0.119511	10.2473	-0.439715	0.163972	11.3398	1.32177	-0.235891	0.376695	0.03	0.0102598	0.00391508	0.5	
28.2	0.000275	10	4	1.5	1.5064	0.126963	10.2393	-0.41234	0.191893	11.3455	1.32231	-0.235993	0.376667	0.03	0.0147472	0.00393098	0.5	
28.3	0.000267	10	4	1.5	1.47011	0.133029	10.2393	-0.41234	0.191893	11.346	1.31064	-0.246045	0.376627	0.03	0.0144116	-0.00491523	0.5	
28.4	0.00029	10	4	1.5	1.47011	0.137768	10.2393	-0.41234	0.191893	11.3221	1.32157	-0.235057	0.376569	0.03	-0.0127095	0.00724421	0.5	
28.5	0.00029	10	4	1.5	1.47011	0.141676	10.2304	-0.379479	0.228535	11.3337	1.31064	-0.233664	0.351938	0.03	-0.0123174	0.000908893	0.5	
28.6	0.000287	10	4	1.5	1.4237	0.147248	10.2304	-0.379479	0.228535	10.3681	3.99932	1.28481	1.17829	0.03	0	0	0.5	
28.7	0.000292	10	4	1.5	1.4237	0.14822	10.2304	-0.379479	0.228535	10.366	4.00052	1.28503	1.17816	0.03	-9.81647e-05	6.0178e-05	0.5	
28.8	0.000285	10	4	1.5	1.4237	0.143779	10.2185	-0.346447	0.26829	10.363	3.99899	1.28527	1.17801	0.03	-0.000814096	-7.95753e-05	0.5	
28.9	0.0003	10	4	1.5	1.37233	0.143314	10.2185	-0.346447	0.26829	10.3574	3.99946	1.2876	1.17798	0.03	-0.00234221	0.000174344	0.5	
29	0.000276	10	4	1.5	1.37233	0.143127	10.2117	-0.318317	0.301413	10.3402	3.99737	1.29014	1.17757	0.03	-0.0103143	0.000675278	0.5	
29.1	0.000296	10	4	1.5	1.3313	0.145635	10.2117	-0.318317	0.301413	10.3334	4.00607	1.29313	1.17745	0.03	-0.0131621	0.00334578	0.5	
29.2	0.000272	10	4	1.5	1.3313	0.140402	10.2117	-0.318317	0.301413	10.3238	4.01031	1.29689	1.17683	0.03	-0.0184153	0.0052625	0.5	
29.3	0.000288	10	4	1.5	1.3313	0.14689	10.2014	-0.283904	0.339312	10.3298	4.02652	1.29846	1.17636	0.03	-0.0154824	0.0106736	0.5	
29.4	0.000279	10	4	1.5	1.28239	0.145459	10.2014	-0.283904	0.339312	10.3097	4.03119	1.30605	1.17413	0.03	-0.0290374	0.013232	0.5	
29.5	0.000281	10	4	1.5	1.28239	0.152505	10.2014	-0.283904	0.339312	10.3566	4.01451	1.2879	1.17373	0.03	0.000392016	0.00348197	0.5	
29.6	0.000276	10	4	1.5	1.28239	0.155338	10.1918	-0.24606	0.372503	10.3566	4.01451	1.2879	1.17373	0.03	0.000392016	0.00348197	0.5	
29.7	0.000275	10	4	1.5	1.23811	0.156608	10.1918	-0.24606	0.372503	10.3566	4.01451	1.2879	1.17373	0.03	0.000392016	0.00348197	0.5	
29.8	0.000276	10	4	1.5	1.23811	0.166392	10.1835	-0.212102	0.406919	10.3566	4.01451	1.2879	1.17373	0.03	0.000392016	0.00348197	0.5	
29.9	0.00028	10	4	1.5	1.19385	0.172073	10.1835	-0.212102	0.406919	10.3566	4.01451	1.2879	1.17373	0.03	0.000392016	0.00348197	0.5	
30	0.000275	10	4	1.5	1.19385	0.168661	10.1777	-0.182152	0.429001	10.3969	4.00629	1.27748	1.17322	0.03	0.0453341	-0.00846757	0.5	
30.1	0.000274	10	4	1.5	1.16402	0.165925	10.1777	-0.182152	0.429001	10.3969	4.00629	1.27748	1.17322	0.03	0.0453341	-0.00846757	0.5	
30.2	0.000275	10	4	1.5	1.16402	0.175851	10.1669	-0.148981	0.475101	10.3969	4.00629	1.27748	1.17322	0.03	0.0453341	-0.00846757	0.5	
30.3	0.000272	10	4	1.5	1.10652	0.170384	10.1669	-0.148981	0.475101	10.4227	3.99133	1.27211	1.17304	0.03	0.0578507	-0.0169483	0.5	
30.4	0.000274	10	4	1.5	1.10652	0.158415	10.1629	-0.122116	0.507802	10.4227	3.99133	1.27211	1.17304	0.03	0.0578507	-0.0169483	0.5	
30.5	0.000277	10	4	1.5	1.06754	0.166564	10.1629	-0.122116	0.507802	10.4042	3.97403	1.2761	1.22262	0.03	0.0411677	-0.0102928	0.5	
30.6	0.000273	10	4	1.5	1.06754	0.158615	10.1549	-0.0974369	0.537916	10.3927	3.98261	1.27954	1.22249	0.03	0.0307257	-0.00458763	0.5	
30.7	0.000278	10	4	1.5	1.02894	0.16264	10.1549	-0.0974369	0.537916	10.4011	4.00053	1.27975	1.24622	0.03	0.0321405	-0.00121968	0.5	
30.8	0.000279	10	4	1.5	1.02894	0.165146	10.1549	-0.0974369	0.537916	10.3942	4.00116	1.28204	1.24621	0.03	0.0253119	-0.000415625	0.5	
30.9	0.000277	10	4	1.5	1.02894	0.176567	10.146	-0.052718	0.573902	10.3942	4.00116	1.28204	1.24621	0.03	0.0253119	-0.000415625	0.5	
31	0.000271	10	4	1.5	0.980968	0.168441	10.146	-0.052718	0.573902	10.3942	4.00116	1.28204	1.24621	0.03	0.0253119	-0.000415625	0.5	
31.1	0.000275	10	4	1.5	0.980968	0.168431	10.1375	-0.0198694	0.605673	10.3942	4.00116	1.28204	1.24621	0.03	0.0253119	-0.000415625	0.5	
31.2	0.000271	10	4	1.5	0.939156	0.200833	10.1375	-0.0198694	0.605673	10.3942	4.00116	1.28204	1.24621	0.03	0.0253119	-0.000415625	0.5	
31.3	0.000256	10	4	1.5	0.939156	0.230003	10.1275	0.0172821	0.637621	10.3942	4.00116	1.28204	1.24621	0.03	0.0253119	-0.000415625	0.419988	
31.4	0.000275	10	4	1.5	0.895501	0.23632	10.1275	0.0172821	0.637621	10.3942	4.00116	1.28204	1.24621	0.03	0.0253119	-0.000415625	0.39472	
31.5	0.00028	10	4	1.5	0.895501	0.27462	10.1168	0.0562339	0.675009	10.3942	4.00116	1.28204	1.24621	0.03	0.0253119	-0.000415625	0.241519	
31.6	0.000247	10	4	1.5	0.845706	0.274582	10.1072	0.0857717	0.701574	10.3942	4.00116	1.28204	1.24621	0.03	0.0253119	-0.000415625	0.241671	
31.7	0.000274	10	4	1.5	0.80869	0.290293	10.1072	0.0857717	0.701574	10.3942	4.00116	1.28204	1.24621	0.03	0.0253119	-0.000415625	0.178826	
31.8	0.000486	10	4	1.5	0.80869	0.309255	10.0994	0.121458	0.738033	11.1585	1.40888	-0.0435062	0.362729	0.198197	-0.10188	0.0431841	-0.5	
31.9	0.000281	10	4	1.5	0.762005	0.314774	10.0897	0.161837	0.767324	10.3434	4.18733	1.3054	0.950042	0.03	0	0	0.0809032	
32	0.000272	10	4	1.5	0.720588	0.315369	10.0835	0.197993	0.793882	10.3434	4.18733	1.3054	0.950042	0.03	0	0	0.0785246	
32.1	0.000279	10	4	1.5	0.68466	0.303999	10.0835	0.197993	0.793882	10.3434	4.18733	1.3054	0.950042	0.03	0	0	0.124002	
32.2	0.000272	10	4	1.5	0.68466	0.301609	10.0773	0.243525	0.827848	10.3434	4.18733	1.3054	0.950042	0.03	0	0	0.133564	
32.3	0.000275	10	4	1.5	0.639981	0.32468	10.0773	0.243525	0.827848	10.3434	4.18733	1.3054	0.950042	0.03	0	0	0.0412783	
32.4	0.000274	10	4	1.5	0.639981	0.32848	10.0708	0.307338	0.868661	10.3434	4.18733	1.3054	0.950042	0.03	0	0	0.0260795	
32.5	0.000277	10	4	1.5	0.585424	0.314772	10.0557	0.353759	0.894931	10.3434	4.18733	1.3054	0.950042	0.03	0	0	0.0809116	
32.6	0.000271	10	4	1.5	0.542445	0.325411	10.0557	0.353759	0.894931	10.3434	4.18733	1.3054	0.950042	0.03	0	0	0.0383569	
32.7	0.000282	10	4	1.5	0.542445	0.320922	10.0495	0.415831	0.941528	10.3434	4.18733	1.3054	0.950042	0.03	0	0	0.0563131	
32.8	0.000278	10	4	1.5	0.482492	0.321415	10.0495	0.415831	0.941528	10.3434	4.18733	1.3054	0.950042	0.03	0	0	0.0543387	
32.9	0.000763	10	4	1.5	0.482492	0.317374	10.0458	0.478267	0.976888	11.0124	1.37181	-1.75757	0.241097	0.332538	-0.0905662	0.0163713	-0.5	
33	0.000764	10	4	1.5	0.435287	0.307941	10.0458	0.478267	0.976888	11.0165	1.36528	-1.81378	0.240431	0.32911	-0.0774234	0.00961601	-0.5	
33.1	0.000299	10	4	1.5	0.435287	0.310328	10.0376	0.537336	1.01705	10.3452	4.3478	1.31053	0.482394	0.03	0	0	0.0986865	
33.2	0.000276	10	4	1.5	0.380832	0.278944	10.0376	0.537336	1.01705	10.3339	4.35084	1.31354	0.482235	0.03	-0.00106541	0.000293103	0.224224	
33.3	0.000278	10	4	1.5	0.380832	0.261504	10.0327	0.594697	1.05697	10.3339	4.35084	1.31354	0.482235	0.03	-0.00106541	0.000293103	0.293985	
33.4	0.00027	10	4	1.5	0.329009	0.273637	10.0327	0.594697	1.05697	10.3339	4.35084	1.31354	0.482235	0.03	-0.00106541	0.000293103	0.24545	
33.5	0.000276	10	4	1.5	0.329009	0.276584	10.0327	0.594697	1.05697	10.3339	4.35084	1.31354	0.482235	0.03	-0.00106541	0.000293103	0.233664	
33.6	0.000272	10	4	1.5	0.329009	0.267041	10.0261	0.667945	1.09992	10.3339	4.35084	1.31354	0.482235	0.03	-0.00106541	0.000293103	0.271836	
33.7	0.000273	10	4	1.5	0.259201	0.268628	10.0261	0.667945	1.09992	10.3339	4.35084	1.31354	0.482235	0.03	-0.00106541	0.000293103	0.265489	
33.8	0.000276	10	4	1.5	0.259201	0.274749	10.0279	0.739401	1.13198	10.3339	4.35084	1.31354	0.482235	0.03	-0.00106541	0.000293103	0.241006	
33.9	0.000277	10	4	1.5	0.17596	0.27112	10.0279	0.739401	1.13198	10.3339	4.35084	1.31354	0.482235	0.03	-0.00106541	0.000293103	0.255521	
34	0.000279	10	4	1.5	0.17596	0.272871	10.0279	0.739401	1.13198	10.3339	4.35084	1.31354	0.482235	0.03	-0.00106541	0.000293103	0.248517	
34.1	0.000282	10	4	1.5	0.17596	0.274266	10.0255	0.809998	1.16718	10.3339	4.35084	1.31354	0.482235	0.03	-0.00106541	0.000293103	0.242936	
34.2	0.000274	10	4	1.5	0.0990387	0.272896	10.0255	0.809998	1.16718	11.1969	1.31267	-0.189789	0.194977	0.232107	0.018243	0.006538	0.248417	
34.3	0.000281	10	4	1.5	0.0990387	0.276391	10.0255	0.809998	1.16718	11.1924	1.29277	-0.175529	0.194957	0.231285	0.0139085	-0.00888865	0.234437	
34.4	0.000279	10	4	1.5	0.0990387	0.254177	10.0255	0.809998	1.16718	11.2057	1.30616	-0.142579	0.194823	0.230509	0.0259566	0.00604692	0.323293	
34.5	0.000276	10	4	1.5	0.0990387	0.258496	10.0385	0.912874	1.19885	11.2032	1.26919	-0.159829	0.204508	0.229496	0.0191631	-0.0215694	0.306017	
34.6	0.000275	10	4	1.5	0.052946	0.272405	10.0385	0.912874	1.19885	11.2037	1.31198	-0.155272	0.204293	0.228745	0.0171287	0.026037	0.250381	
34.7	0.000273	10	4	1.5	0.052946	0.290292	10.0385	0.912874	1.19885	11.2115	1.29061	-0.146031	0.20406	0.228085	0.0220648	0.00863074	0.178832	
34.8	0.000273	10	4	1.5	0.052946	0.26784	10.0385	0.912874	1.19885	11.1959	1.29638	1.32271	0.227524	0.203664	0.00283472	0.0131526	0.268641	
34.9	0.000284	10	4	1.5	0.052946	0.271886	10.0492	1.01596	1.22413	11.2418	1.28428	1.29694	0.227177	0.203202	0.0368676	0.00335922	0.252456	
35	0.000272	10	4	1.5	0.0225727	0.27448	10.0492	1.01596	1.22413	11.2578	1.32206	1.2983	0.25517	0.202673	0.0445078	0.02848	0.242078	
35.1	0.000271	10	4	1.5	0.0225727	0.292054	10.0492	1.01596	1.22413	11.1773	1.31721	1.30061	0.263937	0.202079	-0.0161861	0.026521	0.171785	
35.2	0.00026	10	4	1.5	0.0225727	0.288457	10.0492	1.01596	1.22413	11.2199	1.3365	1.29	0.291179	0.20142	0.0269708	0.0292519	0.186171	
35.3	0.000278	10	4	1.5	0.0225727	0.298472	10.0738	1.12313	1.2452	11.2173	1.33635	1.30752	0.311601	0.200698	0.0218173	0.0203641	0.14611	
35.4	0.000278	10	4	1.5	0.0107405	0.303604	10.0738	1.12313	1.2452	11.1974	1.36075	1.30758	0.333887	0.199915	-0.00491454	0.0317622	0.125584	
35.5	0.000271	10	4	1.5	0.0107405	0.285814	10.0738	1.12313	1.2452	11.243	1.34998	1.32137	0.352929	0.199072	0.0276622	0.0152796	0.196745	
35.6	0.000267	10	4	1.5	0.0107405	0.309189	10.0738	1.12313	1.2452	11.1793	1.40089	1.31972	0.386123	0.19817	-0.0470219	0.0496134	0.103244	
35.7	0.000269	10	4	1.5	0.0107405	0.302299	10.0978	1.23056	1.25912	11.2329	1.39656	1.3199	0.408251	0.197211	-0.00674187	0.0359285	0.130802	
35.8	0.000261	10	4	1.5	0.00449559	0.303158	10.0978	1.23056	1.25912	11.1881	1.41351	1.33093	0.434643	0.196197	-0.0558233	0.0351491	0.127367	
35.9	0.000265	10	4	1.5	0.00449559	0.284323	10.0978	1.23056	1.25912	11.218	1.40967	1.32937	0.459763	0.195129	-0.0327271	0.0214187	0.202708	
36	0.000261	10	4	1.5	0.00449559	0.299283	10.0978	1.23056	1.25912	11.2005	1.44155	1.33259	0.500387	0.19401	-0.0511755	0.0310765	0.142868	
36.1	0.00027	10	4	1.5	0.00449559	0.295202	10.1176	1.34669	1.27169	11.2185	1.44645	1.34296	0.529882	0.192841	-0.0374448	0.0224385	0.159191	
36.2	0.000267	10	4	1.5	0	0.320194	10.1176	1.34669	1.27169	11.1903	1.48088	1.34009	0.561193	0.191625	-0.0650185	0.0393279	0.0592229	
36.3	0.000276	10	4	1.5	0	0.316507	10.1176	1.34669	1.27169	11.2091	1.47946	1.35445	0.590503	0.190363	-0.0498897	0.0256352	0.0739737	
36.4	0.000267	10	4	1.5	0	0.310279	10.1176	1.34669	1.27169	11.1926	1.49965	1.3463	0.633811	0.189057	-0.0644152	0.0208839	0.0988833	
36.5	0.000266	10	4	1.5	0	0.310394	10.1473	1.4687	1.27759	11.2143	1.5184	1.35201	0.665975	0.18771	-0.0472455	0.0220125	0.0984243	
36.6	0.00027	10	4	1.5	0	0.29344	10.1473	1.4687	1.27759	11.2517	1.4717	1.33242	0.702963	0.186323	0.00334466	-0.0112114	0.166239	
36.7	0.000262	10	4	1.5	0	0.297955	10.1473	1.4687	1.27759	11.209	1.5778	1.35189	0.747017	0.1849	-0.0317668	0.0519707	0.148181	
36.8	0.000275	10	4	1.5	0	0.300117	10.1473	1.4687	1.27759	11.2182	1.58172	1.35849	0.774347	0.183441	-0.0201003	0.0346136	0.139534	
36.9	0.000262	10	4	1.5	0	0.292536	10.1832	1.58415	1.28313	11.2263	1.65937	1.35799	0.939338	0.181949	-0.0254662	0.0305686	0.169857	
37	0.000262	10	4	1.5	0	0.325922	10.1832	1.58415	1.28313	11.2566	1.62985	1.35776	0.939327	0.180426	0.0107608	-0.00490457	0.0363106	
37.1	0.000269	10	4	1.5	0	0.310958	10.1832	1.58415	1.28313	11.2282	1.62926	1.32431	0.947716	0.178875	-0.00962375	-0.00218473	0.0961678	
37.2	0.000257	10	4	1.5	0	0.32483	10.1832	1.58415	1.28313	11.2198	1.69819	1.35089	0.947578	0.177297	-0.0163098	0.0703645	0.0406799	
37.3	0.00026	10	4	1.5	0	0.306556	10.2139	1.70744	1.28407	11.237	1.65232	1.36446	0.947335	0.175694	-0.00219209	0.032687	0.113778	
37.4	0.000256	10	4	1.5	0	0.290368	10.2139	1.70744	1.28407	11.2321	1.68406	1.3676	0.947001	0.174069	-0.00622185	0.0611217	0.178527	
37.5	0.000267	10	4	1.5	0	0.317882	10.2139	1.70744	1.28407	11.2263	1.65649	1.36171	0.946495	0.172423	-0.00965071	0.0373331	0.0684716	
37.6	0.000259	10	4	1.5	0	0.340301	10.2139	1.70744	1.28407	11.1719	1.65285	1.50029	0.945803	0.17182	-0.0652109	0.0278568	-0.0212024	
37.7	0.000263	10	4	1.5	0	0.335476	10.255	1.83586	1.28356	11.1923	1.69131	1.39854	0.944967	0.170127	-0.0462032	0.0547463	-0.00190217	
37.8	0.00049	10	4	1.5	0.00221485	0.347879	10.255	1.83586	1.28356	11.1573	1.68201	1.3874	0.94383	0.168419	-0.0774887	0.0368371	-0.5	
37.9	0.000512	10	4	1.5	0.00221485	0.332064	10.255	1.83586	1.28356	11.154	1.68724	1.36789	0.942499	0.166698	-0.0755586	0.0382953	-0.5	
38	0.000262	10	4	1.5	0.00221485	0.350126	10.255	1.83586	1.28356	11.1556	1.69081	1.3651	0.940922	0.164966	-0.062633	0.0357168	-0.0605029	
38.1	0.000261	10	4	1.5	0.00221485	0.314759	10.2978	1.96006	1.29046	11.1501	1.6835	1.35585	0.938964	0.163224	-0.0631669	0.0276962	0.0809624	
38.2	0.000257	10	4	1.5	0.00458514	0.302012	10.2978	1.96006	1.29046	11.1548	1.69918	1.35325	0.936726	0.161475	-0.0486897	0.0389586	0.131951	
38.3	0.000266	10	4	1.5	0.00458514	0.285066	10.2978	1.96006	1.29046	11.1583	1.67536	1.36918	0.934123	0.159721	-0.0432102	0.0182931	0.199736	
38.4	0.000258	10	4	1.5	0.00458514	0.283536	10.2978	1.96006	1.29046	11.1654	1.70236	1.36266	0.931296	0.157961	-0.029126	0.0424945	0.205856	
38.5	0.000262	10	4	1.5	0.00458514	0.308793	10.3323	2.07623	1.29799	11.1549	1.68475	1.36664	0.92802	0.1562	-0.0350489	0.026033	0.104829	
38.6	0.000268	10	4	1.5	0.00464196	0.312597	10.3323	2.07623	1.29799	11.1652	1.70789	1.36961	0.924221	0.154437	-0.0187713	0.0445562	0.0896102	
38.7	0.000264	10	4	1.5	0.00464196	0.32469	10.3323	2.07623	1.29799	11.175	1.6862	1.35204	0.920201	0.152674	-0.0102579	0.0246404	0.0412403	
38.8	0.000272	10	4	1.5	0.00464196	0.331847	10.3323	2.07623	1.29799	11.2103	1.68563	1.38336	0.915842	0.150912	0.0286873	0.0181525	0.0126131	
38.9	0.000273	10	4	1.5	0.00464196	0.317178	10.3742	2.19117	1.29933	11.2263	1.68671	1.36474	0.911142	0.149154	0.0399837	0.0161316	0.0712869	
39	0.00026	10	4	1.5	0.00968396	0.311122	10.3742	2.19117	1.29933	11.2428	1.68965	1.36055	0.905931	0.1474	0.0515501	0.014129	0.0955113	
39.1	0.000266	10	4	1.5	0.00968396	0.317073	10.3742	2.19117	1.29933	11.2478	1.69142	1.38845	0.900554	0.145651	0.0529116	0.0125499	0.0717094	
39.2	0.000264	10	4	1.5	0.00968396	0.322051	10.3742	2.19117	1.29933	11.2616	1.69571	1.41716	0.894601	0.143908	0.0599782	0.0119173	0.051796	
39.3	0.000272	10	4	1.5	0.00968396	0.346422	10.4115	2.31837	1.30525	11.2706	1.69944	1.44892	0.888198	0.142173	0.0640849	0.0116223	-0.0456894	
39.4	0.00026	10	4	1.5	0.0102906	0.330048	10.4115	2.31837	1.30525	11.2877	1.69856	1.36333	0.881111	0.140447	0.0732726	0.00684076	0.0198083	
39.5	0.000266	10	4	1.5	0.0102906	0.331408	10.4115	2.31837	1.30525	11.2696	1.70909	1.34861	0.873636	0.13873	0.0557268	0.0113556	0.0143691	
39.6	0.00026	10	4	1.5	0.0102906	0.321259	10.4115	2.31837	1.30525	11.2639	1.7345	1.1616	0.866011	0.137023	0.041618	0.0263839	0.0549633	
39.7	0.000271	10	4	1.5	0.0102906	0.318278	10.4589	2.44433	1.30775	11.2458	1.79328	0.989048	0.857942	0.135328	0.0251581	0.0622206	0.0668882	
39.8	0.000263	10	4	1.5	0.0173665	0.315388	10.4589	2.44433	1.30775	11.2458	1.79328	0.989048	0.857942	0.135328	0.0251581	0.0622206	0.0784483	
39.9	0.000268	10	4	1.5	0.0173665	0.335731	10.4589	2.44433	1.30775	11.2458	1.79328	0.989048	0.857942	0.135328	0.0251581	0.0622206	-0.00292349	
40	0.000255	10	4	1.5	0.0173665	0.335782	10.4589	2.44433	1.30775	11.2458	1.79328	0.989048	0.857942	0.135328	0.0251581	0.0622206	-0.00312864	
40.1	0.000262	10	4	1.5	0.0173665	0.327854	10.4925	2.57131	1.30971	11.2458	1.79328	0.989048	0.857942	0.135328	0.0251581	0.0622206	0.0285827	
40.2	0.000266	10	4	1.5	0.0182283	0.324791	10.4925	2.57131	1.30971	11.2458	1.79328	0.989048	0.857942	0.135328	0.0251581	0.0622206	0.040838	
40.3	0.000268	10	4	1.5	0.0182283	0.328333	10.4925	2.57131	1.30971	11.2458	1.79328	0.989048	0.857942	0.135328	0.0251581	0.0622206	0.0266699	
40.4	0.00027	10	4	1.5	0.0182283	0.310621	10.4925	2.57131	1.30971	11.2458	1.79328	0.989048	0.857942	0.135328	0.0251581	0.0622206	0.0975162	
40.5	0.000272	10	4	1.5	0.0182283	0.339772	10.5216	2.69029	1.31264	11.2458	1.79328	0.989048	0.857942	0.135328	0.0251581	0.0622206	-0.0190876	
40.6	0.000272	10	4	1.5	0.0172437	0.335254	10.5216	2.69029	1.31264	11.2458	1.79328	0.989048	0.857942	0.135328	0.0251581	0.0622206	-0.0010169	
40.7	0.000294	10	4	1.5	0.0172437	0.342261	10.5216	2.69029	1.31264	11.2458	1.79328	0.989048	0.857942	0.135328	0.0251581	0.0622206	-0.5	
40.8	0.0003	1	4	1.5	-0.375455	0.349324	10.5216	2.69029	1.31264	11.2458	1.79328	0.989048	0.857942	0.135328	0.0251581	0.0622206	0.5	
40.9	0.000294	1	4	1.5	-0.48203	0.339656	10.5549	2.8083	1.31043	11.2458	1.79328	0.989048	0.857942	0.135328	0.0251581	0.0622206	0.5	
41	0.000298	1	4	1.5	-0.477026	0.318099	10.5549	2.8083	1.31043	11.2458	1.79328	0.989048	0.857942	0.135328	0.0251581	0.0622206	0.5	
41.1	0.000296	1	4	1.5	-0.477026	0.35254	10.5549	2.8083	1.31043	11.2458	1.79328	0.989048	0.857942	0.135328	0.0251581	0.0622206	0.5	
41.2	0.000295	1	4	1.5	-0.477026	0.365174	10.5549	2.8083	1.31043	11.2458	1.79328	0.989048	0.857942	0.135328	0.0251581	0.0622206	0.5	
41.3	0.000335	1	4	1.5	-0.477026	0.373054	10.6104	2.90609	1.28232	11.2458	1.79328	0.989048	0.857942	0.135328	0.0251581	0.0622206	0.5	
41.4	0.000306	1	4	1.5	-0.432649	0.391469	10.6104	2.90609	1.28232	11.2458	1.79328	0.989048	0.857942	0.135328	0.0251581	0.0622206	0.5	
41.5	0.000294	1	4	1.5	-0.432649	0.416604	10.6596	2.94152	1.24944	11.2458	1.79328	0.989048	0.857942	0.135328	0.0251581	0.0622206	0.5	
41.6	0.000311	1	4	1.5	-0.378888	0.416061	10.6596	2.94152	1.24944	11.2458	1.79328	0.989048	0.857942	0.135328	0.0251581	0.0622206	0.5	
41.7	0.000315	1	4	1.5	-0.378888	0.45018	10.7201	2.98483	1.21383	11.2458	1.79328	0.989048	0.857942	0.135328	0.0251581	0.0622206	0.5	
41.8	0.000315	1	4	1.5	-0.316961	0.443382	10.7201	2.98483	1.21383	11.2458	1.79328	0.989048	0.857942	0.135328	0.0251581	0.0622206	0.5	
41.9	0.000303	1	4	1.5	-0.316961	0.457799	10.7847	3.03441	1.18501	11.2458	1.79328	0.989048	0.857942	0.135328	0.0251581	0.0622206	0.5	
42	0.000315	1	4	1.5	-0.259705	0.513646	10.7847	3.03441	1.18501	11.2458	1.79328	0.989048	0.857942	0.135328	0.0251581	0.0622206	0.5	
42.1	0.000329	1	4	1.5	-0.259705	0.522949	10.8514	3.08414	1.15011	11.2458	1.79328	0.989048	0.857942	0.135328	0.0251581	0.0622206	0.5	
42.2	0.000321	1	4	1.5	-0.194509	0.541054	10.8514	3.08414	1.15011	11.2458	1.79328	0.989048	0.857942	0.135328	0.0251581	0.0622206	0.5	
42.3	0.000308	1	4	1.5	-0.194509	0.571094	10.9225	3.14843	1.11613	11.2458	1.79328	0.989048	0.857942	0.135328	0.0251581	0.0622206	0.5	
42.4	0.000306	1	4	1.5	-0.128929	0.565342	10.9225	3.14843	1.11613	11.2458	1.79328	0.989048	0.857942	0.135328	0.0251581	0.0622206	0.5	
42.5	0.000318	1	4	1.5	-0.128929	0.599848	10.9973	3.22102	1.08205	11.2458	1.79328	0.989048	0.857942	0.135328	0.0251581	0.0622206	0.5	
42.6	0.000322	1	4	1.5	-0.0614441	0.629424	10.9973	3.22102	1.08205	11.2458	1.79328	0.989048	0.857942	0.135328	0.0251581	0.0622206	0.5	
42.7	0.000324	1	4	1.5	-0.0614441	0.644669	10.9973	3.22102	1.08205	11.2458	1.79328	0.989048	0.857942	0.135328	0.0251581	0.0622206	0.5	
42.8	0.000313	1	4	1.5	-0.0614441	0.674013	11.0993	3.33505	1.04993	11.2458	1.79328	0.989048	0.857942	0.135328	0.0251581	0.0622206	0.5	
42.9	0.000317	1	4	1.5	0.0101036	0.681594	11.0993	3.33505	1.04993	11.2458	1.79328	0.989048	0.857942	0.135328	0.0251581	0.0622206	0.5	
43	0.000313	1	4	1.5	0.0101036	0.710377	11.2001	3.46331	1.02897	11.2458	1.79328	0.989048	0.857942	0.135328	0.0251581	0.0622206	-0.5	
43.1	0.000325	2	4	1.5	0.0175816	0.73898	11.2001	3.46331	1.02897	11.2458	1.79328	0.989048	0.857942	0.135328	0.0251581	0.0622206	-0.5	
43.2	0.000331	2	4	1.5	0.0175816	0.764261	11.2975	3.57893	1.01826	11.2458	1.79328	0.989048	0.857942	0.135328	0.0251581	0.0622206	-0.5	
43.3	0.000176	2	4	1.5	0	0.736715	11.2975	3.57893	1.01826	11.2458	1.79328	0.989048	0.857942	0.135328	0.0251581	0.0622206	-0.5	
43.4	0.000329	2	4	1.5	0	0.758177	11.3604	3.66176	1.014	11.2458	1.79328	0.989048	0.857942	0.135328	0.0251581	0.0622206	-0.5	
43.5	0.00034	2	4	1.5	0	0.747183	11.3604	3.66176	1.014	11.2458	1.79328	0.989048	0.857942	0.135328	0.0251581	0.0622206	-0.5	
43.6	0.00034	2	4	1.5	0	0.746508	11.4382	3.77306	1.00888	11.2458	1.79328	0.989048	0.857942	0.135328	0.0251581	0.0622206	-0.5	
43.7	0.000343	2	4	1.5	0.0157156	0.743885	11.4382	3.77306	1.00888	11.2458	1.79328	0.989048	0.857942	0.135328	0.0251581	0.0622206	-0.5	
43.8	0.000345	2	4	1.5	0.0157156	0.753416	11.5174	3.89456	1.0078	11.2458	1.79328	0.989048	0.857942	0.135328	0.0251581	0.0622206	-0.5	
43.9	0.000341	2	4	1.5	0.0775442	0.716469	11.5174	3.89456	1.0078	11.2458	1.79328	0.989048	0.857942	0.135328	0.0251581	0.0622206	-0.5	
44	0.000357	2	4	1.5	0.0775442	0.72401	11.6232	4.05231	1.00397	11.2458	1.79328	0.989048	0.857942	0.135328	0.0251581	0.0622206	-0.5	
44.1	0.000363	2	4	1.5	0.192287	0.715535	11.6232	4.05231	1.00397	11.2458	1.79328	0.989048	0.857942	0.135328	0.0251581	0.0622206	-0.5	
44.2	0.000369	2	4	1.5	0.192287	0.701711	11.6958	4.17292	0.999074	11.2458	1.79328	0.989048	0.857942	0.135328	0.0251581	0.0622206	-0.5	
44.3	0.000377	3	4	1.5	0.288755	0.691942	11.6958	4.17292	0.999074	11.2458	1.79328	0.989048	0.857942	0.135328	0.0251581	0.0622206	-0.5	
44.4	0.000374	3	4	1.5	0.288755	0.667852	11.7638	4.29573	1.01031	11.2458	1.79328	0.989048	0.857942	0.135328	0.0251581	0.0622206	-0.5	
44.5	0.000377	3	4	1.5	0.332703	0.682049	11.7638	4.29573	1.01031	11.2458	1.79328	0.989048	0.857942	0.135328	0.0251581	0.0622206	-0.5	
44.6	0.000371	3	4	1.5	0.332703	0.644807	11.8092	4.42924	1.03112	11.2458	1.79328	0.989048	0.857942	0.135328	0.0251581	0.0622206	-0.5	
44.7	0.000372	3	4	1.5	0.321027	0.635012	11.8092	4.42924	1.03112	11.2458	1.79328	0.989048	0.857942	0.135328	0.0251581	0.0622206	-0.5	
44.8	0.00039	3	4	1.5	0.321027	0.633366	11.8371	4.52444	1.05936	11.2458	1.79328	0.989048	0.857942	0.135328	0.0251581	0.0622206	-0.5	
44.9	0.000389	3	4	1.5	0.29313	0.608395	11.8371	4.52444	1.05936	11.2458	1.79328	0.989048	0.857942	0.135328	0.0251581	0.0622206	-0.5	
45	0.000391	3	4	1.5	0.29313	0.588854	11.8618	4.65257	1.0965	11.2458	1.79328	0.989048	0.857942	0.135328	0.0251581	0.0622206	-0.479417	
45.1	0.000391	3	4	1.5	0.212966	0.557762	11.8618	4.65257	1.0965	11.2458	1.79328	0.989048	0.857942	0.135328	0.0251581	0.0622206	-0.355049	
45.2	0.0004	3	4	1.5	0.212966	0.555057	11.8814	4.77255	1.12651	11.2458	1.79328	0.989048	0.857942	0.135328	0.0251581	0.0622206	-0.344228	
45.3	0.000389	3	4	1.5	0.150286	0.52394	11.8814	4.77255	1.12651	11.2458	1.79328	0.989048	0.857942	0.135328	0.0251581	0.0622206	-0.219758	
45.4	0.00039	3	4	1.5	0.150286	0.513508	11.9003	4.9029	1.16456	11.2458	1.79328	0.989048	0.857942	0.135328	0.0251581	0.0622206	-0.178033	
45.5	0.000397	3	4	1.5	0.084569	0.497609	11.9003	4.9029	1.16456	11.2458	1.79328	0.989048	0.857942	0.135328	0.0251581	0.0622206	-0.114434	
45.6	0.000387	3	4	1.5	0.084569	0.509904	11.9003	4.9029	1.16456	11.2458	1.79328	0.989048	0.857942	0.135328	0.0251581	0.0622206	-0.163616	
45.7	0.000434	3	4	1.5	0.084569	0.489028	11.9298	5.04574	1.18907	11.2458	1.79328	0.989048	0.857942	0.135328	0.0251581	0.0622206	-0.0801109	
45.8	0.000321	3	4	1.5	0.054952	0.46192	11.9298	5.04574	1.18907	11.2458	1.79328	0.989048	0.857942	0.135328	0.0251581	0.0622206	0.0283209	
45.9	0.00044	3	4	1.5	0.054952	0.460637	11.9298	5.04574	1.18907	11.2458	1.79328	0.989048	0.857942	0.135328	0.0251581	0.0622206	0.033453	
46	0.000435	3	4	1.5	0.054952	0.48534	11.9658	5.17708	1.19867	11.2458	1.79328	0.989048	0.857942	0.135328	0.0251581	0.0622206	-0.0653581	
46.1	0.000444	3	4	1.5	0.0509623	0.467916	11.9658	5.17708	1.19867	11.2458	1.79328	0.989048	0.857942	0.135328	0.0251581	0.0622206	0.00433566	
46.2	0.00043	3	4	1.5	0.0509623	0.464364	11.9995	5.28878	1.20997	11.2458	1.79328	0.989048	0.857942	0.135328	0.0251581	0.0622206	0.0185421	
46.3	0.000432	3	4	1.5	0.0476878	0.449368	11.9995	5.28878	1.20997	11.2458	1.79328	0.989048	0.857942	0.135328	0.0251581	0.0622206	0.0785276	
46.4	0.000426	3	4	1.5	0.0476878	0.446408	11.9995	5.28878	1.20997	11.2458	1.79328	0.989048	0.857942	0.135328	0.0251581	0.0622206	0.0903665	
46.5	0.000438	3	4	1.5	0.0476878	0.467501	12.043	5.41784	1.21956	11.2458	1.79328	0.989048	0.857942	0.135328	0.0251581	0.0622206	-0.5	
46.6	0.000431	4	4	1.5	0.0509305	0.471935	12.043	5.41784	1.21956	11.2458	1.79328	0.989048	0.857942	0.135328	0.0251581	0.0622206	-0.5	
46.7	0.000426	4	4	1.5	0.0509305	0.463905	12.043	5.41784	1.21956	11.2458	1.79328	0.989048	0.857942	0.135328	0.0251581	0.0622206	-0.5	
46.8	0.000429	4	4	1.5	0.0509305	0.448242	12.0825	5.54216	1.22086	11.2458	1.79328	0.989048	0.857942	0.135328	0.0251581	0.0622206	-0.5	
46.9	0.000431	4	4	1.5	0.059285	0.416956	12.0825	5.54216	1.22086	11.2458	1.79328	0.989048	0.857942	0.135328	0.0251581	0.0622206	-0.5	
47	0.000432	4	4	1.5	0.059285	0.394535	12.1161	5.64601	1.22468	11.2458	1.79328	0.989048	0.857942	0.135328	0.0251581	0.0622206	-0.5	
47.1	0.000431	4	4	1.5	0.0644389	0.387179	12.1161	5.64601	1.22468	11.2458	1.79328	0.989048	0.857942	0.135328	0.0251581	0.0622206	-0.5	
47.2	0.000427	4	4	1.5	0.0644389	0.361992	12.1161	5.64601	1.22468	11.2458	1.79328	0.989048	0.857942	0.135328	0.0251581	0.0622206	-0.5	
47.3	0.000434	4	4	1.5	0.0644389	0.356675	12.1161	5.64601	1.22468	11.2458	1.79328	0.989048	0.857942	0.135328	0.0251581	0.0622206	-0.5	
47.4	0.000269	4	4	1.5	0.0644389	0.340027	12.1599	5.77759	1.23117	11.2458	1.79328	0.989048	0.857942	0.135328	0.0251581	0.0622206	-0.5	
47.5	0.000417	5	4	1.5	0.457138	0.308823	12.1599	5.77759	1.23117	11.2458	1.79328	0.989048	0.857942	0.135328	0.0251581	0.0622206	0.104708	
47.6	0.000417	5	4	1.5	0.539992	0.277882	12.1599	5.77759	1.23117	11.2458	1.79328	0.989048	0.857942	0.135328	0.0251581	0.0622206	0.228473	
47.7	0.000424	5	4	1.5	0.539992	0.278475	12.1599	5.77759	1.23117	11.2458	1.79328	0.989048	0.857942	0.135328	0.0251581	0.0622206	0.226098	
47.8	0.000427	5	4	1.5	0.539992	0.279862	12.1977	5.90115	1.23641	11.2458	1.79328	0.989048	0.857942	0.135328	0.0251581	0.0622206	0.220552	
47.9	0.000466	5	4	1.5	0.594199	0.286238	12.1977	5.90115	1.23641	11.2458	1.79328	0.989048	0.857942	0.135328	0.0251581	0.0622206	0.195048	
48	0.000423	5	4	1.5	0.594199	0.288994	12.1977	5.90115	1.23641	11.2458	1.79328	0.989048	0.857942	0.135328	0.0251581	0.0622206	0.184025	
48.1	0.000418	5	4	1.5	0.594199	0.288381	12.186	5.99731	1.27204	11.2458	1.79328	0.989048	0.857942	0.135328	0.0251581	0.0622206	0.186476	
48.2	0.000415	5	4	1.5	0.608367	0.275061	12.186	5.99731	1.27204	11.2458	1.79328	0.989048	0.857942	0.135328	0.0251581	0.0622206	0.239755	
48.3	0.00041	5	4	1.5	0.608367	0.289	12.186	5.99731	1.27204	11.2458	1.79328	0.989048	0.857942	0.135328	0.0251581	0.0622206	0.184001	
48.4	0.000414	5	4	1.5	0.608367	0.294232	12.1623	6.07584	1.30478	11.2458	1.79328	0.989048	0.857942	0.135328	0.0251581	0.0622206	0.163074	
48.5	0.00042	5	4	1.5	0.618111	0.294431	12.1623	6.07584	1.30478	11.2458	1.79328	0.989048	0.857942	0.135328	0.0251581	0.0622206	0.162275	
48.6	0.000413	5	4	1.5	0.618111	0.286297	12.1461	6.14138	1.34161	11.2458	1.79328	0.989048	0.857942	0.135328	0.0251581	0.0622206	0.19481	
48.7	0.000416	5	4	1.5	0.615882	0.290507	12.1461	6.14138	1.34161	11.2458	1.79328	0.989048	0.857942	0.135328	0.0251581	0.0622206	0.17797	
48.8	0.000398	5	4	1.5	0.615882	0.297185	12.1269	6.18625	1.36857	11.2458	1.79328	0.989048	0.857942	0.135328	0.0251581	0.0622206	0.151258	
48.9	0.000419	5	4	1.5	0.614087	0.298299	12.1269	6.18625	1.36857	11.2458	1.79328	0.989048	0.857942	0.135328	0.0251581	0.0622206	0.146806	
49	0.000422	5	4	1.5	0.614087	0.319535	12.0972	6.24787	1.39816	11.2458	1.79328	0.989048	0.857942	0.135328	0.0251581	0.0622206	0.0618597	
49.1	0.000422	5	4	1.5	0.660729	0.31721	12.0972	6.24787	1.39816	11.2458	1.79328	0.989048	0.857942	0.135328	0.0251581	0.0622206	0.0711589	
49.2	0.00041	5	4	1.5	0.660729	0.304017	12.0817	6.29547	1.42588	11.2458	1.79328	0.989048	0.857942	0.135328	0.0251581	0.0622206	0.123931	
49.3	0.000404	5	4	1.5	0.737035	0.298629	12.0817	6.29547	1.42588	11.2458	1.79328	0.989048	0.857942	0.135328	0.0251581	0.0622206	0.145485	
49.4	0.000394	5	4	1.5	0.737035	0.319751	12.0533	6.35809	1.46165	11.2458	1.79328	0.989048	0.857942	0.135328	0.0251581	0.0622206	0.0609974	
49.5	0.000402	5	4	1.5	0.83212	0.329334	12.0533	6.35809	1.46165	11.2458	1.79328	0.989048	0.857942	0.135328	0.0251581	0.0622206	0.0226649	
49.6	0.000399	5	4	1.5	0.83212	0.328137	12.0246	6.41711	1.49813	11.2458	1.79328	0.989048	0.857942	0.135328	0.0251581	0.0622206	0.0274503	
49.7	0.000398	5	4	1.5	0.644192	0.313006	12.0246	6.41711	1.49813	11.2458	1.79328	0.989048	0.857942	0.135328	0.0251581	0.0622206	0.0879747	
49.8	0.000379	5	4	1.5	0.644192	0.342032	11.9842	6.47258	1.53701	11.2458	1.79328	0.989048	0.857942	0.135328	0.0251581	0.0622206	-0.0281283	
49.9	0.000175	5	4	1.5	0.72992	0.341902	11.9555	6.50576	1.56873	11.2458	1.79328	0.989048	0.857942	0.135328	0.0251581	0.0622206	-0.0276086	
50	0.000394	5	4	1.5	0.774132	0.333113	11.9555	6.50576	1.56873	11.2458	1.79328	0.989048	0.857942	0.135328	0.0251581	0.0622206	0.00754728	
50.1	0.000375	5	4	1.5	0.774132	0.350365	11.9126	6.55779	1.60721	11.2458	1.79328	0.989048	0.857942	0.135328	0.0251581	0.0622206	-0.0614608	
50.2	0.000456	5	4	1.5	0.846724	0.32887	11.9126	6.55779	1.60721	9.24697	5.79066	-0.320333	0.19135	0.03	-0.000950668	-0.000588769	0.0245187	
50.3	0.000464	5	4	1.5	0.846724	0.348476	11.8701	6.61077	1.64737	9.25911	5.79503	-0.322131	0.215982	0.03	-0.000799489	0.00184033	-0.0539021	
50.4	0.000445	5	4	1.5	0.917295	0.32362	11.837	6.63775	1.67455	9.28638	5.79562	-0.325249	0.269128	0.03	0.00038762	0.00662701	0.0455184	
50.5	0.000453	5	4	1.5	0.942786	0.33627	11.837	6.63775	1.67455	9.29982	5.80413	-0.326478	0.297873	0.03	0.00029999	0.0119546	-0.0050783	
50.6	0.000433	5	4	1.5	0.942786	0.353752	11.8043	6.67225	1.71016	9.31719	5.78313	-0.314972	0.34709	0.03	-0.00380956	0.00185947	-0.0750078	
50.7	0.000435	5	4	1.5	0.977037	0.348872	11.7635	6.69538	1.74295	9.33756	5.78571	-0.326798	0.381967	0.03	-0.00173556	0.00588772	-0.0554895	
50.8	0.000429	5	4	1.5	1.11936	0.345789	11.7302	6.71785	1.76882	9.35707	5.76488	-0.318089	0.443706	0.03	-0.00931763	-0.00346114	-0.043157	
50.9	0.000435	5	4	1.5	1.1007	0.350369	11.7302	6.71785	1.76882	9.37006	5.78176	-0.328094	0.468085	0.03	-0.00813652	0.00872332	-0.0614743	
51	0.000382	5	4	1.5	1.1007	0.310439	11.6819	6.73979	1.8086	9.43373	5.64054	-0.261732	0.528894	0.03	0.0234244	-0.107593	0.0982425	
51.1	0.000433	5	4	1.5	1.06466	0.318342	11.6473	6.75563	1.84774	9.3907	5.80595	-0.304324	0.541465	0.03	-0.000915311	0.000470281	0.0666305	
51.2	0.000425	5	4	1.5	1.02827	0.345984	11.6473	6.75563	1.84774	9.38412	5.79727	-0.334343	0.53346	0.03	-0.00337686	-0.00879206	-0.0439352	
51.3	0.000421	5	4	1.5	1.02827	0.329586	11.5856	6.77556	1.89545	9.40367	5.7653	-0.327573	0.554806	0.03	0.00308495	-0.0273703	0.0216565	
51.4	0.000417	5	4	1.5	0.980226	0.334666	11.5472	6.78672	1.92983	9.40521	5.75603	-0.323909	0.564394	0.03	-0.000223483	-0.031333	0.00133735	
51.5	0.000428	5	4	1.5	0.944847	0.33318	11.5472	6.78672	1.92983	9.39835	5.76053	-0.326186	0.586721	0.03	0.00236286	-0.029233	0.00727811	
51.6	0.000418	5	4	1.5	0.944847	0.348776	11.4965	6.79675	1.97526	9.41405	5.74376	-0.315676	0.592693	0.03	0.0148759	-0.0411129	-0.0551039	
51.7	0.000372	5	4	1.5	0.895121	0.339057	11.4491	6.80677	2.01599	9.45142	5.64257	-0.256734	0.601798	0.03	0.0376819	-0.110156	-0.0162282	
51.8	0.000371	5	4	1.5	0.825129	0.336274	11.405	6.81292	2.04639	9.45779	5.61128	-0.235543	0.620687	0.03	0.0297611	-0.124643	-0.00509784	
51.9	0.000369	5	4	1.5	0.788028	0.331743	11.405	6.81292	2.04639	9.4226	5.70552	-0.292201	0.602261	0.03	0.00948789	-0.052468	0.0130297	
52	0.000692	5	4	1.5	0.788028	0.329493	11.348	6.81901	2.08228	9.40501	5.73631	-0.310431	0.585295	0.03	-0.00149405	-0.0162486	0.022028	
52.1	0.000684	5	4	1.5	0.740959	0.330169	11.3046	6.82432	2.11721	9.41167	5.73589	-0.313505	0.608441	0.03	-0.00458251	-0.0132044	0.0193239	
52.2	0.000355	5	4	1.5	0.699813	0.340011	11.2626	6.83322	2.14774	9.40522	5.72535	-0.310771	0.613138	0.03	-0.00831382	-0.0230446	-0.0200424	
52.3	0.000716	5	4	1.5	0.669153	0.33509	11.2626	6.83322	2.14774	9.3886	5.76002	-0.339248	0.590248	0.03	-0.0121018	0.000894358	-0.000359527	
52.4	0.000834	5	4	1.5	0.669153	0.337091	11.2111	6.84168	2.18675	9.46887	5.84442	-0.598373	0.625254	0.261482	0.0156103	-0.0187912	-0.00836592	
52.5	0.000698	5	4	1.5	0.627296	0.329925	11.2111	6.84168	2.18675	9.47109	5.82157	-0.394769	0.633007	0.261007	0.0142583	-0.0328572	0.0202991	
52.6	0.000683	5	4	1.5	0.627296	0.326993	11.1464	6.84985	2.22667	9.45388	5.82467	-0.341712	0.624202	0.260441	-0.00135477	-0.0266181	0.032028	
52.7	0.000351	5	4	1.5	0.582804	0.327715	11.1464	6.84985	2.22667	9.56144	6.01451	-0.933627	0.796608	0.968264	0.0496431	-0.152572	0.0291408	
52.8	0.000346	5	4	1.5	0.582804	0.338312	11.0794	6.86459	2.27177	9.77196	5.88485	-0.411652	0.713138	0.966788	0.239868	-0.22981	-0.013249	
52.9	0.000351	5	4	1.5	0.543345	0.342464	11.0794	6.86459	2.27177	9.67293	5.98646	-0.281667	0.676054	0.964944	0.167754	-0.148164	-0.0298555	
53	0.000346	5	4	1.5	0.543345	0.335637	11.0089	6.87761	2.31163	9.58658	6.03225	-0.24054	0.689754	0.962734	0.0609828	-0.0800994	-0.00254902	
53.1	0.000756	5	4	1.5	0.510219	0.32825	11.0089	6.87761	2.31163	9.55833	6.04665	-0.231555	0.697906	0.960164	0.040148	-0.065172	0.027001	
53.2	0.000764	5	4	1.48914	0.510219	0.341607	10.9422	6.88792	2.35954	9.53116	6.04975	-0.224231	0.725018	0.957238	0.0202655	-0.0541393	-0.0264268	
53.3	0.000679	5	4	1.49345	0.470703	0.333208	10.9422	6.88792	2.35954	9.52728	6.04781	-0.229912	0.724752	0.953962	0.0167421	-0.0517317	0.00716754	
53.4	0.00064	5	4	1.49781	0.470703	0.333163	10.8689	6.9001	2.3967	9.51128	6.04647	-0.227769	0.743525	0.950342	0.00765767	-0.0460712	0.00734926	
53.5	0.000684	5	4	1.49781	0.449515	0.337916	10.8689	6.9001	2.3967	9.51791	6.04498	-0.228535	0.760339	0.946385	0.00641973	-0.0421261	-0.0116648	
53.6	0.000736	5	4	1.49781	0.449515	0.323361	10.7901	6.90623	2.43375	9.50188	6.0416	-0.228835	0.780821	0.942099	-0.000316826	-0.0398092	0.0465571	
53.7	0.000634	5	4	1.49781	0.433481	0.335386	10.7901	6.90623	2.43375	9.49929	6.03555	-0.22795	0.778319	0.937492	-0.000940459	-0.0408603	-0.00154325	
53.8	0.000706	5	4	1.49781	0.433481	0.326142	10.7067	6.92145	2.47054	9.48478	6.03253	-0.225732	0.80378	0.932571	-0.00243257	-0.0385818	0.0354326	
53.9	0.000662	5	4	1.49781	0.43214	0.336085	10.7067	6.92145	2.47054	9.48716	6.02858	-0.230309	0.803342	0.927347	-0.000283951	-0.0376691	-0.00434146	
54	0.000799	5	4	1.49781	0.43214	0.337403	10.6511	6.93129	2.49124	9.48197	6.02587	-0.224844	0.81586	0.921828	0.00134864	-0.0338305	-0.00961114	
54.1	0.000607	5	4	1.49781	0.439506	0.331876	10.6511	6.93129	2.49124	9.48628	6.02537	-0.224473	0.821442	0.916024	0.00292288	-0.0299806	0.0124969	
54.2	0.000679	5	4	1.49781	0.439506	0.326132	10.5682	6.94655	2.53048	9.47851	6.02693	-0.219095	0.83547	0.909946	0.00222842	-0.0225697	0.0354712	
54.3	0.000644	5	4	1.49781	0.449172	0.330371	10.5682	6.94655	2.53048	9.47948	6.02062	-0.21981	0.835253	0.903604	0.00325405	-0.0238204	0.0185161	
54.4	0.00065	5	4	1.49781	0.449172	0.328983	10.4998	6.95797	2.56399	9.47271	6.01779	-0.220192	0.845027	0.897008	0.00142822	-0.021127	0.5	
54.5	0.000541	1	6	1.49781	0.139621	0.328241	10.4998	6.95797	2.56399	9.47539	6.02037	-0.219012	0.842745	0.890169	0.00306419	-0.0154916	0.5	
54.6	0.000526	1	6	1.49781	0.139621	0.327624	10.4998	6.95797	2.56399	9.46668	6.01816	-0.213675	0.855496	0.883099	0.00081376	-0.0133966	0.5	
54.7	0.000577	1	6	1.49781	0.139621	0.341697	10.4098	6.9678	2.60458	9.46513	6.01845	-0.215555	0.859358	0.875808	0.00157927	-0.010182	0.5	
54.8	0.000542	1	6	1.49781	0.074005	0.369918	10.4098	6.9678	2.60458	9.45718	6.01349	-0.215056	0.866889	0.868309	-0.00228816	-0.0109418	0.5	
54.9	0.000553	1	6	1.49781	0.074005	0.355964	10.4098	6.9678	2.60458	9.44708	6.00737	-0.214005	0.877281	0.860612	-0.00530538	-0.0129592	0.5	
55	0.000571	1	6	1.49781	0.074005	0.373492	10.3169	6.99538	2.62751	9.43547	6.00873	-0.212045	0.888386	0.852729	-0.0101974	-0.00686035	0.5	
55.1	0.000544	1	6	1.49781	0.0589597	0.399117	10.3169	6.99538	2.62751	9.43067	6.0042	-0.212022	0.897599	0.844671	-0.00928755	-0.00766704	0.5	
55.2	0.000573	1	6	1.49781	0.0589597	0.424771	10.3169	6.99538	2.62751	9.4202	6.00182	-0.211949	0.904126	0.83645	-0.0147555	-0.00556548	0.5	
55.3	0.00062	1	6	1.49781	0.0589597	0.431875	10.1965	7.03776	2.64609	9.41502	5.99453	-0.211962	0.913288	0.828078	-0.0139038	-0.00837075	0.5	
55.4	0.000529	1	6	1.49781	0.0591747	0.439876	10.1965	7.03776	2.64609	9.40891	5.99469	-0.21154	0.909917	0.819565	-0.0157211	-0.00301774	0.5	
55.5	0.000617	1	6	1.49781	0.0591747	0.479956	10.1965	7.03776	2.64609	9.4011	5.98619	-0.20894	0.919322	0.810922	-0.0166518	-0.00676173	0.5	
55.6	0.000641	1	6	1.49781	0.0591747	0.480688	10.0562	7.08881	2.66778	9.38272	5.98373	-0.209378	0.929439	0.802161	-0.0275061	-0.00496742	0.5	
55.7	0.000547	1	6	1.49781	0.0607825	0.504355	10.0562	7.08881	2.66778	9.37357	5.98263	-0.208033	0.916112	0.793293	-0.0274237	-0.00333937	0.5	
55.8	0.000554	1	6	1.49781	0.0607825	0.518538	10.0562	7.08881	2.66778	9.3369	5.98036	-0.20843	0.875267	0.784328	-0.0401472	-0.0050098	0.5	
55.9	0.000523	1	6	1.49781	0.0607825	0.549646	9.92138	7.1427	2.68142	9.31588	5.98063	-0.209808	0.856922	0.775276	-0.0464126	-0.00266055	0.5	
56	0.0006	1	6	1.49781	0.0748407	0.578493	9.92138	7.1427	2.68142	9.27898	5.97942	-0.210118	0.81014	0.766148	-0.053655	-0.00392383	0.5	
56.1	0.000559	1	6	1.49781	0.0748407	0.588476	9.92138	7.1427	2.68142	9.25824	5.97686	-0.208987	0.783759	0.756954	-0.0561057	-0.00432584	0.5	
56.2	0.000299	1	6	1.49781	0.0748407	0.60179	9.77339	7.20754	2.70025	9.22116	5.98265	-0.212453	0.73239	0.747702	-0.0598116	0.00155861	0.5	
56.3	0.000302	1	6	1.49781	0.0931085	0.644101	9.77339	7.20754	2.70025	9.19799	5.98341	-0.214544	0.705335	0.738404	-0.0635054	0.00330563	0.5	
56.4	0.000302	1	6	1.49781	0.0931085	0.65471	9.62514	7.26353	2.70913	9.154	5.98926	-0.209016	0.647964	0.729067	-0.0703419	0.00740187	0.5	
56.5	0.000309	1	6	1.49781	0.11248	0.649621	9.62514	7.26353	2.70913	9.13167	5.98948	-0.208654	0.618398	0.719701	-0.0719809	0.00833244	0.5	
56.6	0.000295	1	6	1.49781	0.11248	0.680795	9.62514	7.26353	2.70913	9.08931	5.99918	-0.214111	0.552182	0.710315	-0.0713316	0.0150376	0.5	
56.7	0.000349	1	6	1.49781	0.11248	0.716524	9.44823	7.32054	2.72645	9.06987	5.99673	-0.216067	0.521515	0.700915	-0.0703831	0.0134791	0.5	
56.8	0.00029	1	6	1.49781	0.113994	0.736466	9.44823	7.32054	2.72645	9.02664	5.99937	-0.20971	0.461156	0.691511	-0.0739032	0.0124016	0.5	
56.9	0.000298	1	6	1.49781	0.113994	0.753929	9.31702	7.35928	2.73882	9.00491	6.00164	-0.209173	0.422161	0.682109	-0.0715054	0.0138811	0.5	
57	0.000294	1	6	1.49781	0.110791	0.787788	9.31702	7.35928	2.73882	8.96334	6.00772	-0.206419	0.352688	0.672717	-0.0684279	0.0156265	0.5	
57.1	0.000315	1	6	1.49781	0.110791	0.819379	9.16531	7.40529	2.74862	8.9444	6.00366	-0.204621	0.31231	0.663343	-0.0637116	0.0121745	0.474485	
57.2	0.000309	1	6	1.49781	0.114372	0.838914	9.16531	7.40529	2.74862	8.89822	6.01051	-0.199949	0.240942	0.653992	-0.0656045	0.0149155	0.396345	
57.3	0.000311	1	6	1.49781	0.114372	0.846374	9.00684	7.44736	2.76861	8.86571	6.0165	-0.188402	0.190802	0.64467	-0.0675538	0.0183392	0.366505	
57.4	0.000297	1	6	1.49781	0.09788	0.875969	9.00684	7.44736	2.76861	8.84762	6.03294	-0.16629	0.190752	0.635385	-0.0762263	0.0378705	0.248123	
57.5	0.000307	1	6	1.49781	0.09788	0.899816	8.83142	7.49218	2.78486	8.89087	6.03206	-0.439917	0.190638	0.626141	-0.0397388	0.0387153	0.152736	
57.6	0.000308	1	6	1.49781	0.0856623	0.917625	8.83142	7.49218	2.78486	8.89087	6.03206	-0.439917	0.190638	0.626141	-0.0397388	0.0387153	0.0814988	
57.7	0.000312	1	6	1.49781	0.0856623	0.933463	8.65118	7.53523	2.80404	8.89087	6.03206	-0.439917	0.190638	0.626141	-0.0397388	0.0387153	0.0181486	
57.8	0.000308	1	6	1.49781	0.0681274	0.95139	8.65118	7.53523	2.80404	8.89087	6.03206	-0.439917	0.190638	0.626141	-0.0397388	0.0387153	-0.0535587	
57.9	0.000306	1	6	1.49781	0.0681274	0.946486	8.47267	7.57664	2.82319	8.89087	6.03206	-0.439917	0.190638	0.626141	-0.0397388	0.0387153	-0.0339428	
58	0.000306	1	6	1.49781	0.0514082	0.949108	8.47267	7.57664	2.82319	8.89087	6.03206	-0.439917	0.190638	0.626141	-0.0397388	0.0387153	-0.0444339	
58.1	0.000311	1	6	1.49781	0.0514082	0.966666	8.28253	7.62723	2.84013	8.89087	6.03206	-0.439917	0.190638	0.626141	-0.0397388	0.0387153	-0.114665	
58.2	0.000317	1	6	1.49781	0.0438871	0.972131	8.28253	7.62723	2.84013	8.89087	6.03206	-0.439917	0.190638	0.626141	-0.0397388	0.0387153	-0.136524	
58.3	0.00032	1	6	1.49781	0.0438871	0.978083	8.08195	7.67407	2.85664	8.89087	6.03206	-0.439917	0.190638	0.626141	-0.0397388	0.0387153	-0.160331	
58.4	0.000317	1	6	1.49781	0.0328225	0.992219	8.08195	7.67407	2.85664	8.89087	6.03206	-0.439917	0.190638	0.626141	-0.0397388	0.0387153	-0.216878	
58.5	0.000314	1	6	1.49781	0.0328225	0.988155	7.87417	7.72755	2.87161	6.54768	2.02942	-0.265932	0.238791	0.03	0	0	-0.5	
58.6	0.000321	2	6	1.5	0.0276282	0.969671	7.87417	7.72755	2.87161	6.5177	2.02684	-0.261255	0.299611	0.03	-6.00232e-05	-0.000994985	-0.5	
58.7	0.00033	2	6	1.5	0.0276282	0.992028	7.66642	7.78456	2.88059	6.50473	2.0324	-0.255747	0.306144	0.03	-0.0019008	-9.65805e-05	-0.5	
58.8	0.000321	2	6	1.5	0.028658	0.974594	7.66642	7.78456	2.88059	6.50473	2.0324	-0.255747	0.306144	0.03	-0.0019008	-9.65805e-05	-0.5	
58.9	0.000327	2	6	1.5	0.028658	0.977698	7.45477	7.80996	2.87908	6.50473	2.0324	-0.255747	0.306144	0.03	-0.0019008	-9.65805e-05	-0.5	
59	0.000326	2	6	1.5	0.017109	0.968109	7.45477	7.80996	2.87908	6.50473	2.0324	-0.255747	0.306144	0.03	-0.0019008	-9.65805e-05	-0.5	
59.1	0.000334	2	6	1.5	0.017109	0.952042	7.26272	7.86143	2.8881	6.50473	2.0324	-0.255747	0.306144	0.03	-0.0019008	-9.65805e-05	-0.5	
59.2	0.000335	2	6	1.5	0.0169347	0.925559	7.26272	7.86143	2.8881	6.48342	2.00732	-0.270927	0.288186	0.03	-0.0123353	-0.0246351	-0.5	
59.3	0.000351	2	6	1.5	0.0169347	0.919744	7.05567	7.90497	2.90157	7.72101	2.80767	1.42221	0.492825	0.03	0	0	-0.5	
59.4	0.000344	2	6	1.5	0.00962936	0.898686	7.05567	7.90497	2.90157	7.72101	2.80767	1.42221	0.492825	0.03	0	0	-0.5	
59.5	0.000344	2	6	1.5	0.00962936	0.900059	6.8536	7.95303	2.90511	7.6445	2.71328	1.4106	0.696746	0.03	-0.00853024	0.000895712	-0.5	
59.6	0.000348	2	6	1.5	0.00951379	0.875442	6.8536	7.95303	2.90511	8.05547	2.27922	3.06808	0.153092	0.695931	0.104067	-0.0925262	-0.5	
59.7	0.000348	2	6	1.5	0.00951379	0.872978	6.66573	7.99664	2.90553	8.05547	2.27922	3.06808	0.153092	0.695931	0.104067	-0.0925262	-0.5	
59.8	0.00035	2	6	1.5	0.0101442	0.855365	6.66573	7.99664	2.90553	8.05547	2.27922	3.06808	0.153092	0.695931	0.104067	-0.0925262	-0.5	
59.9	0.000351	2	6	1.5	0.0101442	0.84794	6.48926	8.03929	2.91001	8.05547	2.27922	3.06808	0.153092	0.695931	0.104067	-0.0925262	-0.5	
60	0.000337	2	6	1.5	0.00972887	0.831258	6.48926	8.03929	2.91001	8.05547	2.27922	3.06808	0.153092	0.695931	0.104067	-0.0925262	-0.5	
60.1	0.000342	2	6	1.5	0.00972887	0.811573	6.31432	8.08394	2.91843	8.05547	2.27922	3.06808	0.153092	0.695931	0.104067	-0.0925262	-0.5	
60.2	0.000347	3	6	1.5	0.00864918	0.80789	6.31432	8.08394	2.91843	8.05547	2.27922	3.06808	0.153092	0.695931	0.104067	-0.0925262	-0.5	
60.3	0.000342	3	6	1.5	0.00864918	0.767243	6.15061	8.11478	2.91729	8.05547	2.27922	3.06808	0.153092	0.695931	0.104067	-0.0925262	-0.5	
60.4	0.000178	3	6	1.5	0.00719481	0.768016	6.15061	8.11478	2.91729	8.05547	2.27922	3.06808	0.153092	0.695931	0.104067	-0.0925262	-0.5	
60.5	0.000339	3	6	1.5	0.00719481	0.755418	5.99508	8.13983	2.91772	8.05547	2.27922	3.06808	0.153092	0.695931	0.104067	-0.0925262	-0.5	
60.6	0.000338	3	6	1.5	0.00421737	0.721896	5.99508	8.13983	2.91772	7.37033	3.05428	1.34891	0.803806	0.03	0.00565248	-0.0138489	-0.5	
60.7	0.000333	3	6	1.5	0.00421737	0.714963	5.84305	8.17043	2.91505	7.37033	3.05428	1.34891	0.803806	0.03	0.00565248	-0.0138489	-0.5	
60.8	0.000316	3	6	1.5	0.0041196	0.706919	5.84305	8.17043	2.91505	7.37033	3.05428	1.34891	0.803806	0.03	0.00565248	-0.0138489	-0.5	
60.9	0.000316	3	6	1.5	0.0041196	0.663642	5.6985	8.19544	2.91839	7.37033	3.05428	1.34891	0.803806	0.03	0.00565248	-0.0138489	-0.5	
61	0.000314	3	6	1.5	0.00167771	0.644092	5.6985	8.19544	2.91839	7.37033	3.05428	1.34891	0.803806	0.03	0.00565248	-0.0138489	-0.5	
61.1	0.000307	3	6	1.5	0.00167771	0.641664	5.55704	8.22173	2.91018	7.37033	3.05428	1.34891	0.803806	0.03	0.00565248	-0.0138489	-0.5	
61.2	0.000313	4	6	1.5	0.00228675	0.618555	5.55704	8.22173	2.91018	7.37033	3.05428	1.34891	0.803806	0.03	0.00565248	-0.0138489	-0.5	
61.3	0.000395	4	6	1.5	0.00228675	0.590823	5.55704	8.22173	2.91018	4.68466	3.35751	0.213263	0.203145	0.03	0	0	-0.5	
61.4	0.00038	4	6	1.5	0.00228675	0.569309	5.38298	8.25675	2.90783	4.68866	3.3446	0.322521	0.208573	0.03	0.000126723	-0.00126573	-0.5	
61.5	0.000308	4	6	1.5	0.00199141	0.550771	5.38298	8.25675	2.90783	4.68866	3.3446	0.322521	0.208573	0.03	0.000126723	-0.00126573	-0.5	
61.6	0.000374	4	6	1.5	0.00199141	0.519831	5.23183	8.29212	2.9082	4.61075	3.34611	0.128299	0.308859	0.03	-0.00630614	0.010542	-0.5	
61.7	0.000418	4	6	1.5	0.00236156	0.492903	5.23183	8.29212	2.9082	4.63657	3.33799	0.223303	0.257893	0.03	-0.00596161	0.0062028	-0.5	
61.8	0.000379	4	6	1.5	0.00236156	0.482272	5.23183	8.29212	2.9082	4.56382	3.38973	0.0764429	0.265179	0.03	-0.0485185	0.038372	-0.5	
61.9	0.000389	4	6	1.5	0.00236156	0.451441	5.08289	8.32046	2.90613	4.65135	3.34217	0.11878	0.265154	0.03	-0.00579522	0.0147772	-0.5	
62	0.000394	5	6	1.5	0.395061	0.421001	5.08289	8.32046	2.90613	4.52924	3.33649	0.145383	0.277289	0.03	-0.0923045	0.00950335	-0.344004	
62.1	0.000325	5	6	1.5	0.750563	0.399776	5.08289	8.32046	2.90613	4.48	3.3701	0.0193073	0.314992	0.03	-0.105759	0.0291126	-0.259103	
62.2	0.000374	5	6	1.5	0.750563	0.378525	4.96382	8.34612	2.90314	4.53986	3.33853	0.119542	0.331468	0.03	-0.0504884	-0.000700936	-0.174101	
62.3	0.000384	5	6	1.5	0.807696	0.35182	4.96382	8.34612	2.90314	4.53435	3.38555	0.129623	0.33136	0.03	-0.0518298	0.0280142	-0.0672802	
62.4	0.000372	5	6	1.5	0.807696	0.346857	4.865	8.34604	2.91783	4.53435	3.38555	0.129623	0.33136	0.03	-0.0518298	0.0280142	-0.047429	
62.5	0.000377	5	6	1.5	0.840984	0.352362	4.865	8.34604	2.91783	4.53435	3.38555	0.129623	0.33136	0.03	-0.0518298	0.0280142	-0.0694494	
62.6	0.000371	5	6	1.5	0.840984	0.331992	4.81098	8.3208	2.95701	4.53435	3.38555	0.129623	0.33136	0.03	-0.0518298	0.0280142	0.0120336	
62.7	0.000374	5	6	1.5	0.835374	0.311443	4.81098	8.3208	2.95701	4.53435	3.38555	0.129623	0.33136	0.03	-0.0518298	0.0280142	0.094227	
62.8	0.000366	5	6	1.5	0.835374	0.299882	4.75288	8.2851	2.99402	4.53435	3.38555	0.129623	0.33136	0.03	-0.0518298	0.0280142	0.140472	
62.9	0.000365	5	6	1.5	0.837009	0.305334	4.75288	8.2851	2.99402	4.53435	3.38555	0.129623	0.33136	0.03	-0.0518298	0.0280142	0.118663	
63	0.00036	5	6	1.5	0.837009	0.299741	4.70802	8.23748	3.04062	4.53435	3.38555	0.129623	0.33136	0.03	-0.0518298	0.0280142	0.141035	
63.1	0.000371	5	6	1.5	0.827522	0.289574	4.67949	8.21033	3.061	4.53435	3.38555	0.129623	0.33136	0.03	-0.0518298	0.0280142	0.181706	
63.2	0.000348	5	6	1.5	0.82965	0.288489	4.67949	8.21033	3.061	4.53435	3.38555	0.129623	0.33136	0.03	-0.0518298	0.0280142	0.186045	
63.3	0.00031	5	6	1.5	0.82965	0.281735	4.63446	8.16725	3.10254	4.32347	1.78339	0.0358081	0.275531	0.03	-0.0332532	-0.0719241	0.213058	
63.4	0.000298	5	6	1.5	0.843443	0.283729	4.63446	8.16725	3.10254	4.3148	1.76194	0.181771	0.278996	0.03	-0.0353568	-0.0818447	0.205083	
63.5	0.000306	5	6	1.5	0.843443	0.293796	4.59461	8.12387	3.13702	4.29569	1.78607	-0.00121686	0.278963	0.03	-0.045599	-0.0637554	0.164816	
63.6	0.000305	5	6	1.5	0.891615	0.290262	4.57288	8.09924	-3.12134	4.3019	1.7702	0.111611	0.270527	0.03	-0.0382836	-0.070461	0.178952	
63.7	0.00029	5	6	1.5	0.909976	0.280167	4.57288	8.09924	-3.12134	4.2585	1.76946	0.0147626	0.206346	0.03	-0.0441415	-0.0653806	0.219332	
63.8	0.000288	5	6	1.5	0.909976	0.289768	4.54668	8.06489	-3.09157	4.24867	1.76365	-0.00518879	0.188988	0.03	-0.0396182	-0.0624183	0.18093	
63.9	0.000287	5	6	1.5	0.923259	0.297853	4.54668	8.06489	-3.09157	4.23567	1.77541	-0.0621664	0.183943	0.03	-0.0449545	-0.051602	0.148586	
64	0.000294	5	6	1.5	0.923259	0.281926	4.51109	8.01611	-3.05355	4.20541	1.7656	0.0488912	0.200078	0.03	-0.0609318	-0.0549918	0.212296	
64.1	0.000294	5	6	1.5	0.933679	0.296008	4.48965	7.98133	-3.02186	4.19943	1.7791	-0.0859824	0.184448	0.03	-0.0568043	-0.0426536	0.15597	
64.2	0.000273	5	6	1.5	0.92758	0.294784	4.47422	7.95231	-2.99344	4.22056	1.79215	-0.0547118	0.19871	0.03	-0.0350259	-0.0231385	0.160864	
64.3	0.000287	5	6	1.5	0.915388	0.315842	4.47422	7.95231	-2.99344	4.19214	1.75937	-0.0957121	0.20293	0.03	-0.0521631	-0.0455503	0.0766317	
64.4	0.00028	5	6	1.5	0.915388	0.328849	4.45605	7.91554	-2.95677	4.24019	1.7745	-0.119024	0.205838	0.03	0.0025835	-0.0237349	0.0246034	
64.5	0.000283	5	6	1.5	0.895646	0.315016	4.43767	7.87789	-2.92606	4.20496	1.79202	-0.199395	0.184216	0.03	-0.0152801	-0.0108417	0.0799362	
64.6	0.000268	5	6	1.5	0.878728	0.316683	4.42374	7.84642	-2.8966	4.21759	1.76372	-0.0911801	0.197336	0.03	-0.00680925	-0.0370454	0.0732698	
64.7	0.00027	5	6	1.5	0.85934	0.324454	4.42374	7.84642	-2.8966	4.21685	1.83445	-0.102936	0.210586	0.03	-0.00221249	0.0158659	0.0421833	
64.8	0.000273	5	6	1.5	0.85934	0.324133	4.403	7.80934	-2.8666	4.20949	1.80091	1.73961	0.0403658	0.274505	-0.0420256	-0.0125202	0.0434663	
64.9	0.000269	5	6	1.5	0.844886	0.333179	4.38758	7.75932	-2.83219	4.21274	1.84488	3.11818	0.274467	0.0403445	-0.0375645	0.0203721	0.0072838	
65	0.000269	5	6	1.5	0.817245	0.335728	4.37421	7.72345	-2.80285	4.0985	1.71402	-2.92258	0.294023	0.0403193	-0.141296	-0.118967	-0.00291109	
65.1	0.000271	5	6	1.5	0.79712	0.330455	4.37421	7.72345	-2.80285	4.14027	1.76666	-3.05536	0.247328	0.0402901	-0.120282	-0.0785465	0.0181813	
65.2	0.000269	5	6	1.5	0.79712	0.327658	4.35908	7.67633	-2.76336	4.20083	1.82857	3.09197	0.247321	0.0402569	-0.0401647	-0.00285179	0.0293675	
65.3	0.000271	5	6	1.5	0.769272	0.319334	4.35261	7.63745	-2.72571	4.1708	1.80207	3.0804	0.247307	0.0402199	-0.0603449	-0.0222529	0.0626643	
65.4	0.000257	5	6	1.5	0.738335	0.327162	4.34282	7.60034	-2.69312	4.18588	1.73901	-3.00139	0.278214	0.0401791	-0.0522815	-0.0843493	0.0313515	
65.5	0.00026	5	6	1.5	0.717212	0.327677	4.34282	7.60034	-2.69312	4.19577	1.79033	-3.13321	0.237409	0.0401346	-0.0572888	-0.0446569	0.0292921	
65.6	0.000251	5	6	1.5	0.717212	0.333853	4.33299	7.5567	-2.65431	4.19668	1.73007	-2.95379	0.259363	0.0400864	-0.059828	-0.101933	0.00458792	
65.7	0.000267	5	6	1.5	0.696358	0.317622	4.31842	7.51787	-2.62063	4.47926	1.87763	3.12543	0.259335	0.0400347	0.153512	0.0129958	0.0695102	
65.8	0.000255	5	6	1.5	0.687666	0.32255	4.3135	7.47992	-2.59133	4.55681	1.71861	-3.00811	0.272984	0.0399796	0.206239	-0.155589	0.0498019	
65.9	0.000251	5	6	1.5	0.680919	0.338051	4.3135	7.47992	-2.59133	4.57583	1.91233	3.12441	0.272969	0.0399211	0.210132	-0.00439079	-0.0122049	
66	0.000243	5	6	1.5	0.680919	0.331152	4.29794	7.4376	-2.55107	4.58162	1.82468	2.98123	0.272801	0.0398594	0.187	-0.0956197	0.0153901	
66.1	0.000253	5	6	1.5	0.667951	0.326308	4.29794	7.4376	-2.55107	4.50541	1.73778	-2.96908	0.311184	0.0397946	0.135521	-0.15739	0.0347669	
66.2	0.000245	5	6	1.5	0.667951	0.316097	4.28674	7.38093	-2.5117	4.53706	1.90262	2.9944	0.310982	0.0397267	0.149687	0.037706	0.0756132	
66.3	0.000251	5	6	1.5	0.663439	0.324654	4.28674	7.38093	-2.5117	4.52516	1.71988	-2.95359	0.317851	0.0396559	0.130966	-0.099183	0.0413856	
66.4	0.000238	5	6	1.5	0.663439	0.335933	4.27247	7.32198	-2.4672	4.57447	1.8632	-3.0819	0.317755	0.0395824	0.164393	0.0655403	-0.00373119	
66.5	0.000258	5	6	1.5	0.655793	0.340121	4.27247	7.32198	-2.4672	4.59603	1.78596	3.11567	0.317633	0.0395062	0.172308	0.00507938	-0.020484	
66.6	0.000243	5	6	1.5	0.655793	0.32762	4.26587	7.2574	-2.42793	4.57144	1.78112	3.13486	0.317473	0.0394274	0.122457	-0.000679554	0.0295201	
66.7	0.000251	5	6	1.5	0.655799	0.32666	4.26587	7.2574	-2.42793	4.56137	1.86211	3.12568	0.317282	0.0393463	0.108805	0.0595193	0.0333598	
66.8	0.000242	5	6	1.5	0.655799	0.33238	4.26121	7.1922	-2.38478	4.56834	1.80494	3.10461	0.317063	0.0392628	0.100814	-0.00876787	0.0104791	
66.9	0.000232	5	6	1.5	0.652425	0.33749	4.25242	7.1485	-2.35377	4.55647	1.86044	3.09122	0.316802	0.0391772	0.0869156	0.0328232	-0.00995906	
67	0.000243	5	6	1.5	0.64871	0.331089	4.25242	7.1485	-2.35377	4.63616	1.7547	-1.66825	0.252876	0.329804	0.158522	0.0295969	0.0156422	
67.1	0.000233	5	6	1.5	0.64871	0.337146	4.24233	7.09217	-2.31613	4.6462	1.7698	-0.0564325	0.329641	0.252418	0.158108	0.0391844	-0.00858298	
67.2	0.000232	5	6	1.5	0.646031	0.323652	4.24233	7.09217	-2.31613	4.57577	1.76327	1.48211	0.252565	0.330037	0.0771245	0.0270988	0.0453906	
67.3	0.000232	5	6	1.5	0.646031	0.324206	4.23288	7.02983	-2.27588	4.582	1.71096	1.46753	0.323705	0.330015	0.0802635	0.0134125	0.0431742	
67.4	0.000235	5	6	1.5	0.644182	0.330494	4.23288	7.02983	-2.27588	4.60199	1.74387	1.46976	0.323628	0.33055	0.0897353	0.0460202	0.0180246	
67.5	0.00023	5	6	1.5	0.644182	0.328069	4.2293	6.96268	-2.23491	4.60742	1.75135	3.11373	0.330449	0.32305	0.0893555	0.0490836	0.0277258	
67.6	0.000222	5	6	1.5	0.644202	0.32259	4.2293	6.96268	-2.23491	4.58429	1.74538	-1.655	0.322978	0.330432	0.0582594	0.0365399	0.0496382	
67.7	0.000201	5	6	1.5	0.644202	0.360433	4.22456	6.88864	-2.19256	4.58051	1.85393	-0.0453526	0.330268	0.322171	0.0528538	0.113907	-0.5	
67.8	0.000171	1	8	1.5	0.251503	0.345455	4.22456	6.88864	-2.19256	4.57304	1.66231	1.47685	0.369378	0.326937	0.0371729	-0.0785887	0.5	
67.9	0.000167	1	8	1.5	0.0491208	0.323887	4.23444	6.82776	-2.14685	4.60422	1.76316	1.53933	0.379869	0.349511	0.0498168	-0.00266565	0.5	
68	0.000169	1	8	1.5	0	0.315939	4.23444	6.82776	-2.14685	4.47322	1.82976	-2.83717	0.349519	0.379416	-0.0956918	0.0675873	0.5	
68.1	0.000169	1	8	1.5	0	0.30847	4.24589	6.7611	-2.10516	4.48726	1.81979	-2.29858	0.334405	0.379223	-0.085838	0.0551178	0.5	
68.2	0.000166	1	8	1.5	0	0.302642	4.24589	6.7611	-2.10516	4.53542	1.65899	-1.79299	0.339691	0.379102	-0.0213499	-0.119485	0.5	
68.3	0.000167	1	8	1.5	0	0.323106	4.24589	6.7611	-2.10516	4.52384	1.61389	-0.0603752	0.378761	0.339428	-0.0290575	-0.147149	0.5	
68.4	0.00017	1	8	1.5	0	0.328087	4.20978	6.66584	-2.09532	4.63561	1.79412	1.50609	0.339447	0.378562	0.0929181	0.0633925	0.5	
68.5	0.000171	1	8	1.5	0	0.345473	4.20978	6.66584	-2.09532	4.59159	1.76579	1.47785	0.339445	0.312358	0.0801072	0.0391946	0.5	
68.6	0.000164	1	8	1.5	0	0.338613	4.20978	6.66584	-2.09532	3.91917	2.9926	1.31138	0.235494	0.03	0	0	0.5	
68.7	0.000163	1	8	1.5	0	0.366758	4.20978	6.66584	-2.09532	3.91917	2.9926	1.31138	0.235494	0.03	0	0	0.5	
68.8	0.000165	1	8	1.5	0	0.381037	4.14299	6.54873	-2.07983	3.91917	2.9926	1.31138	0.235494	0.03	0	0	0.5	
68.9	0.000177	1	8	1.5	0	0.389389	4.14299	6.54873	-2.07983	3.91917	2.9926	1.31138	0.235494	0.03	0	0	0.5	
69	0.000165	1	8	1.5	0	0.430401	4.14299	6.54873	-2.07983	3.91917	2.9926	1.31138	0.235494	0.03	0	0	0.5	
69.1	0.00017	1	8	1.5	0	0.441126	4.14299	6.54873	-2.07983	3.91917	2.9926	1.31138	0.235494	0.03	0	0	0.5	
69.2	0.000169	1	8	1.5	0	0.445678	4.07456	6.43709	-2.06234	3.91917	2.9926	1.31138	0.235494	0.03	0	0	0.5	
69.3	0.000174	1	8	1.5	0	0.442501	4.07456	6.43709	-2.06234	3.91917	2.9926	1.31138	0.235494	0.03	0	0	0.5	
69.4	0.000168	1	8	1.5	0	0.510864	4.07456	6.43709	-2.06234	3.91917	2.9926	1.31138	0.235494	0.03	0	0	0.5	
69.5	0.000165	1	8	1.5	0	0.494784	4.00977	6.30779	-2.05044	3.91917	2.9926	1.31138	0.235494	0.03	0	0	0.5	
69.6	0.000162	1	8	1.5	0.0130869	0.481821	4.00977	6.30779	-2.05044	4.18716	3.5965	-0.231131	0.405249	0.03	-0.0060725	-0.00253301	0.5	
69.7	0.000163	1	8	1.5	0.0130869	0.55988	4.00977	6.30779	-2.05044	4.18195	3.61529	-0.289191	0.382303	0.03	-0.00340341	0.00431208	0.5	
69.8	0.000162	1	8	1.5	0.0130869	0.546582	3.95124	6.19329	-2.05018	4.18182	3.58119	-0.202734	0.388973	0.03	-0.00538244	-0.0189507	0.5	
69.9	0.000166	1	8	1.5	0.0410716	0.559093	3.95124	6.19329	-2.05018	4.15386	3.51399	1.36789	0.233576	0.358248	-0.0013095	-0.00309262	0.5	
70	0.00017	1	8	1.5	0.0410716	0.587163	3.88723	6.08073	-2.04244	4.19197	3.5267	1.32999	0.233329	0.366473	0.0260313	0.00795075	0.5	
70.1	0.000164	1	8	1.5	0.0740065	0.627315	3.88723	6.08073	-2.04244	4.18252	3.53429	1.34831	0.233083	0.370083	0.020509	0.0117479	0.5	
70.2	0.000164	1	8	1.5	0.0740065	0.613069	3.88723	6.08073	-2.04244	4.20672	3.49336	1.34242	0.313303	0.435967	0.0189946	0.0151882	0.5	
70.3	0.000164	1	8	1.5	0.0740065	0.633462	3.81034	5.94423	-2.0356	4.19646	3.47207	1.38892	0.378438	0.420215	0.021236	0.0200006	0.5	
70.4	0.000166	1	8	1.5	0.122901	0.688594	3.81034	5.94423	-2.0356	4.216	3.47063	1.35791	0.378424	0.464028	0.0167111	0.0198202	0.5	
70.5	0.000165	1	8	1.5	0.122901	0.699025	3.74855	5.82954	-2.02424	4.19723	3.48203	1.33631	0.388401	0.452246	0.00658501	0.0224542	0.5	
